5149.51000 11.02827 3.50431 12.76360
5150.73271 11.02874 3.50464 12.76425
5151.95543 11.02921 3.50496 12.76490
5153.17814 11.02967 3.50529 12.76555
5154.40085 11.03014 3.50562 12.76620
5155.62356 11.03061 3.50594 12.76685
5156.84628 11.03108 3.50627 12.76749
5158.06899 11.03154 3.50659 12.76814
5159.29170 11.03200 3.50692 12.76878
5160.51441 11.03247 3.50725 12.76943
5161.73713 11.03293 3.50757 12.77007
5162.95984 11.03339 3.50790 12.77071
5164.18255 11.03386 3.50822 12.77136
5165.40527 11.03432 3.50854 12.77200
5166.62798 11.03478 3.50887 12.77264
5167.85069 11.03524 3.50919 12.77328
5169.07340 11.03571 3.50951 12.77392
5170.29612 11.03617 3.50983 12.77456
5171.51883 11.03663 3.51015 12.77520
5172.74154 11.03709 3.51047 12.77584
5173.96425 11.03754 3.51079 12.77647
5175.18697 11.03800 3.51111 12.77711
5176.40968 11.03846 3.51144 12.77774
5177.63239 11.03892 3.51175 12.77838
5178.85511 11.03937 3.51207 12.77901
5180.07782 11.03983 3.51239 12.77965
5181.30053 11.04029 3.51271 12.78028
5182.52324 11.04075 3.51303 12.78092
5183.74596 11.04120 3.51335 12.78155
5184.96867 11.04166 3.51367 12.78218
5186.19138 11.04211 3.51398 12.78281
5187.41409 11.04256 3.51430 12.78344
5188.63681 11.04302 3.51462 12.78407
5189.85952 11.04347 3.51494 12.78471
5191.08223 11.04392 3.51525 12.78533
5192.30494 11.04437 3.51557 12.78596
5193.52766 11.04483 3.51588 12.78659
5194.75037 11.04528 3.51620 12.78721
5195.97308 11.04573 3.51651 12.78784
5197.19580 11.04618 3.51683 12.78847
5198.41851 11.04663 3.51714 12.78909
5199.64122 11.04708 3.51746 12.78971
5200.86393 11.04752 3.51777 12.79034
5202.08665 11.04797 3.51808 12.79096
5203.30936 11.04842 3.51840 12.79159
5204.53207 11.04887 3.51871 12.79221
5205.75478 11.04931 3.51902 12.79283
5206.97750 11.04976 3.51933 12.79344
5208.20021 11.05020 3.51964 12.79406
5209.42292 11.05065 3.51996 12.79468
5210.64564 11.05110 3.52027 12.79530
5211.86835 11.05154 3.52058 12.79591
5213.09106 11.05199 3.52089 12.79653
5214.31377 11.05243 3.52120 12.79715
5215.53649 11.05288 3.52151 12.79776
5216.75920 11.05332 3.52182 12.79838
5217.98191 11.05376 3.52213 12.79900
5219.20462 11.05420 3.52244 12.79961
5220.42734 11.05465 3.52275 12.80022
5221.65005 11.05509 3.52305 12.80084
5222.87276 11.05553 3.52336 12.80145
5224.09548 11.05597 3.52367 12.80206
5225.31819 11.05641 3.52398 12.80267
5226.54090 11.05684 3.52428 12.80328
5227.76361 11.05728 3.52459 12.80389
5228.98633 11.05772 3.52490 12.80450
5230.20904 11.05815 3.52520 12.80511
5231.43175 11.05859 3.52551 12.80572
5232.65446 11.05903 3.52581 12.80632
5233.87718 11.05947 3.52612 12.80692
5235.09989 11.05990 3.52642 12.80753
5236.32260 11.06034 3.52673 12.80813
5237.54532 11.06078 3.52703 12.80874
5238.76803 11.06121 3.52734 12.80934
5239.99074 11.06164 3.52764 12.80994
5241.21345 11.06208 3.52794 12.81054
5242.43617 11.06251 3.52824 12.81114
5243.65888 11.06294 3.52855 12.81175
5244.88159 11.06337 3.52885 12.81235
5246.10430 11.06380 3.52915 12.81294
5247.32702 11.06423 3.52945 12.81354
5248.54973 11.06466 3.52975 12.81414
5249.77244 11.06509 3.53005 12.81474
5250.99516 11.06552 3.53035 12.81533
5252.21787 11.06595 3.53065 12.81593
5253.44058 11.06638 3.53095 12.81652
5254.66329 11.06681 3.53125 12.81712
5255.88601 11.06724 3.53155 12.81772
5257.10872 11.06767 3.53185 12.81831
5258.33143 11.06809 3.53214 12.81891
5259.55414 11.06852 3.53244 12.81950
5260.77686 11.06894 3.53274 12.82009
5261.99957 11.06937 3.53303 12.82068
5263.22228 11.06979 3.53333 12.82127
5264.44499 11.07022 3.53363 12.82186
5265.66771 11.07064 3.53393 12.82245
5266.89042 11.07106 3.53422 12.82304
5268.11313 11.07149 3.53452 12.82362
5269.33585 11.07191 3.53481 12.82421
5270.55856 11.07233 3.53511 12.82480
5271.78127 11.07276 3.53540 12.82538
5273.00398 11.07318 3.53570 12.82597
5274.22670 11.07360 3.53599 12.82655
5275.44941 11.07402 3.53629 12.82714
5276.67212 11.07444 3.53658 12.82772
5277.89483 11.07486 3.53688 12.82831
5279.11755 11.07529 3.53717 12.82889
5280.34026 11.07570 3.53746 12.82947
5281.56297 11.07612 3.53775 12.83005
5282.78569 11.07654 3.53805 12.83062
5284.00840 11.07695 3.53834 12.83120
5285.23111 11.07737 3.53863 12.83178
5286.45382 11.07779 3.53892 12.83236
5287.67654 11.07820 3.53921 12.83293
5288.89925 11.07862 3.53950 12.83351
5290.12196 11.07903 3.53979 12.83408
5291.34467 11.07944 3.54007 12.83466
5292.56739 11.07986 3.54036 12.83524
5293.79010 11.08027 3.54065 12.83581
5295.01281 11.08068 3.54094 12.83638
5296.23553 11.08109 3.54123 12.83695
5297.45824 11.08151 3.54152 12.83753
5298.68095 11.08192 3.54180 12.83810
5299.90366 11.08233 3.54209 12.83867
5301.12638 11.08274 3.54238 12.83924
5302.34909 11.08315 3.54267 12.83981
5303.57180 11.08356 3.54295 12.84038
5304.79451 11.08397 3.54324 12.84095
5306.01723 11.08438 3.54353 12.84151
5307.23994 11.08479 3.54381 12.84208
5308.46265 11.08520 3.54409 12.84265
5309.68537 11.08560 3.54438 12.84321
5310.90808 11.08601 3.54466 12.84378
5312.13079 11.08642 3.54494 12.84435
5313.35350 11.08682 3.54523 12.84491
5314.57622 11.08723 3.54551 12.84547
5315.79893 11.08763 3.54579 12.84603
5317.02164 11.08803 3.54608 12.84659
5318.24435 11.08844 3.54636 12.84716
5319.46707 11.08884 3.54664 12.84772
5320.68978 11.08924 3.54692 12.84827
5321.91249 11.08964 3.54720 12.84883
5323.13521 11.09004 3.54749 12.84939
5324.35792 11.09045 3.54777 12.84995
5325.58063 11.09085 3.54805 12.85050
5326.80334 11.09125 3.54833 12.85106
5328.02606 11.09165 3.54861 12.85162
5329.24877 11.09205 3.54889 12.85217
5330.47148 11.09245 3.54916 12.85272
5331.69419 11.09285 3.54944 12.85328
5332.91691 11.09324 3.54972 12.85383
5334.13962 11.09364 3.55000 12.85438
5335.36233 11.09404 3.55027 12.85493
5336.58505 11.09444 3.55055 12.85549
5337.80776 11.09483 3.55083 12.85604
5339.03047 11.09523 3.55111 12.85659
5340.25318 11.09562 3.55139 12.85714
5341.47590 11.09602 3.55166 12.85769
5342.69861 11.09641 3.55194 12.85824
5343.92132 11.09681 3.55221 12.85878
5345.14403 11.09720 3.55249 12.85933
5346.36675 11.09760 3.55277 12.85988
5347.58946 11.09799 3.55304 12.86042
5348.81217 11.09838 3.55331 12.86097
5350.03488 11.09877 3.55359 12.86151
5351.25760 11.09916 3.55386 12.86205
5352.48031 11.09955 3.55413 12.86259
5353.70302 11.09994 3.55440 12.86314
5354.92574 11.10033 3.55468 12.86368
5356.14845 11.10072 3.55495 12.86422
5357.37116 11.10111 3.55522 12.86476
5358.59387 11.10150 3.55549 12.86530
5359.81659 11.10189 3.55577 12.86584
5361.03930 11.10228 3.55604 12.86638
5362.26201 11.10266 3.55631 12.86691
5363.48472 11.10305 3.55657 12.86745
5364.70744 11.10344 3.55684 12.86798
5365.93015 11.10382 3.55711 12.86852
5367.15286 11.10421 3.55738 12.86905
5368.37558 11.10459 3.55765 12.86959
5369.59829 11.10498 3.55792 12.87012
5370.82100 11.10536 3.55819 12.87065
5372.04371 11.10574 3.55846 12.87118
5373.26643 11.10612 3.55872 12.87172
5374.48914 11.10650 3.55899 12.87225
5375.71185 11.10689 3.55926 12.87278
5376.93456 11.10727 3.55952 12.87331
5378.15728 11.10765 3.55979 12.87384
5379.37999 11.10803 3.56006 12.87436
5380.60270 11.10841 3.56032 12.87489
5381.82542 11.10879 3.56059 12.87542
5383.04813 11.10917 3.56085 12.87595
5384.27084 11.10955 3.56112 12.87647
5385.49355 11.10993 3.56138 12.87699
5386.71627 11.11031 3.56165 12.87752
5387.93898 11.11068 3.56191 12.87804
5389.16169 11.11106 3.56217 12.87857
5390.38440 11.11143 3.56244 12.87909
5391.60712 11.11181 3.56270 12.87961
5392.82983 11.11218 3.56296 12.88013
5394.05254 11.11256 3.56322 12.88065
5395.27526 11.11293 3.56348 12.88117
5396.49797 11.11331 3.56374 12.88169
5397.72068 11.11368 3.56400 12.88221
5398.94339 11.11405 3.56426 12.88273
5400.16611 11.11443 3.56452 12.88324
5401.38882 11.11480 3.56478 12.88376
5402.61153 11.11517 3.56504 12.88428
5403.83424 11.11554 3.56530 12.88479
5405.05696 11.11591 3.56556 12.88531
5406.27967 11.11628 3.56582 12.88582
5407.50238 11.11665 3.56608 12.88634
5408.72510 11.11702 3.56634 12.88685
5409.94781 11.11739 3.56660 12.88736
5411.17052 11.11776 3.56685 12.88787
5412.39323 11.11812 3.56711 12.88838
5413.61595 11.11849 3.56737 12.88889
5414.83866 11.11886 3.56762 12.88941
5416.06137 11.11923 3.56788 12.88991
5417.28408 11.11959 3.56813 12.89042
5418.50680 11.11996 3.56839 12.89093
5419.72951 11.12032 3.56865 12.89143
5420.95222 11.12069 3.56890 12.89194
5422.17493 11.12105 3.56916 12.89245
5423.39765 11.12141 3.56941 12.89295
5424.62036 11.12178 3.56966 12.89346
5425.84307 11.12214 3.56992 12.89396
5427.06579 11.12250 3.57017 12.89446
5428.28850 11.12286 3.57042 12.89497
5429.51121 11.12323 3.57068 12.89547
5430.73392 11.12358 3.57093 12.89597
5431.95664 11.12394 3.57118 12.89647
5433.17935 11.12430 3.57143 12.89697
5434.40206 11.12466 3.57168 12.89747
5435.62477 11.12502 3.57193 12.89797
5436.84749 11.12538 3.57218 12.89847
5438.07020 11.12574 3.57243 12.89896
5439.29291 11.12610 3.57268 12.89946
5440.51563 11.12645 3.57293 12.89996
5441.73834 11.12681 3.57318 12.90045
5442.96105 11.12717 3.57343 12.90095
5444.18376 11.12752 3.57368 12.90144
5445.40648 11.12788 3.57393 12.90193
5446.62919 11.12823 3.57418 12.90242
5447.85190 11.12859 3.57442 12.90291
5449.07461 11.12894 3.57467 12.90340
5450.29733 11.12929 3.57492 12.90389
5451.52004 11.12965 3.57516 12.90438
5452.74275 11.13000 3.57541 12.90487
5453.96547 11.13035 3.57565 12.90536
5455.18818 11.13071 3.57590 12.90585
5456.41089 11.13106 3.57614 12.90634
5457.63360 11.13141 3.57639 12.90682
5458.85632 11.13176 3.57663 12.90731
5460.07903 11.13211 3.57688 12.90780
5461.30174 11.13246 3.57712 12.90828
5462.52445 11.13281 3.57736 12.90877
5463.74717 11.13316 3.57761 12.90925
5464.96988 11.13350 3.57785 12.90973
5466.19259 11.13385 3.57809 12.91022
5467.41531 11.13419 3.57834 12.91070
5468.63802 11.13454 3.57858 12.91118
5469.86073 11.13488 3.57882 12.91166
5471.08344 11.13523 3.57907 12.91214
5472.30616 11.13557 3.57931 12.91262
5473.52887 11.13592 3.57955 12.91309
5474.75158 11.13626 3.57979 12.91357
5475.97429 11.13660 3.58003 12.91405
5477.19701 11.13695 3.58027 12.91452
5478.41972 11.13729 3.58051 12.91500
5479.64243 11.13763 3.58074 12.91547
5480.86515 11.13798 3.58098 12.91595
5482.08786 11.13832 3.58122 12.91642
5483.31057 11.13866 3.58146 12.91690
5484.53328 11.13900 3.58170 12.91737
5485.75600 11.13934 3.58193 12.91784
5486.97871 11.13968 3.58217 12.91831
5488.20142 11.14002 3.58241 12.91878
5489.42413 11.14035 3.58264 12.91925
5490.64685 11.14069 3.58288 12.91973
5491.86956 11.14103 3.58311 12.92019
5493.09227 11.14136 3.58335 12.92066
5494.31498 11.14170 3.58358 12.92112
5495.53770 11.14203 3.58382 12.92159
5496.76041 11.14237 3.58405 12.92206
5497.98312 11.14270 3.58429 12.92252
5499.20584 11.14304 3.58452 12.92299
5500.42855 11.14337 3.58475 12.92345
5501.65126 11.14371 3.58498 12.92391
5502.87397 11.14404 3.58522 12.92438
5504.09669 11.14438 3.58545 12.92484
5505.31940 11.14471 3.58568 12.92530
5506.54211 11.14504 3.58591 12.92576
5507.76482 11.14537 3.58614 12.92622
5508.98754 11.14570 3.58638 12.92668
5510.21025 11.14603 3.58661 12.92714
5511.43296 11.14636 3.58684 12.92759
5512.65568 11.14669 3.58707 12.92805
5513.87839 11.14702 3.58730 12.92851
5515.10110 11.14735 3.58753 12.92897
5516.32381 11.14768 3.58776 12.92942
5517.54653 11.14801 3.58798 12.92988
5518.76924 11.14833 3.58821 12.93033
5519.99195 11.14866 3.58844 12.93078
5521.21466 11.14898 3.58867 12.93124
5522.43738 11.14931 3.58890 12.93169
5523.66009 11.14963 3.58912 12.93214
5524.88280 11.14995 3.58935 12.93259
5526.10552 11.15028 3.58958 12.93304
5527.32823 11.15060 3.58981 12.93349
5528.55094 11.15093 3.59003 12.93394
5529.77365 11.15125 3.59026 12.93439
5530.99637 11.15158 3.59049 12.93484
5532.21908 11.15190 3.59071 12.93529
5533.44179 11.15222 3.59094 12.93573
5534.66450 11.15254 3.59116 12.93617
5535.88722 11.15286 3.59139 12.93662
5537.10993 11.15318 3.59161 12.93706
5538.33264 11.15350 3.59183 12.93751
5539.55536 11.15382 3.59206 12.93795
5540.77807 11.15414 3.59228 12.93839
5542.00078 11.15445 3.59250 12.93883
5543.22349 11.15477 3.59272 12.93927
5544.44621 11.15509 3.59294 12.93971
5545.66892 11.15541 3.59317 12.94015
5546.89163 11.15572 3.59338 12.94059
5548.11434 11.15604 3.59360 12.94103
5549.33706 11.15635 3.59382 12.94147
5550.55977 11.15667 3.59404 12.94191
5551.78248 11.15698 3.59426 12.94235
5553.00520 11.15730 3.59448 12.94278
5554.22791 11.15761 3.59470 12.94322
5555.45062 11.15792 3.59491 12.94365
5556.67333 11.15823 3.59513 12.94408
5557.89605 11.15854 3.59535 12.94452
5559.11876 11.15885 3.59557 12.94495
5560.34147 11.15916 3.59579 12.94538
5561.56418 11.15947 3.59600 12.94581
5562.78690 11.15978 3.59622 12.94624
5564.00961 11.16009 3.59644 12.94667
5565.23232 11.16040 3.59665 12.94710
5566.45504 11.16071 3.59687 12.94753
5567.67775 11.16102 3.59709 12.94796
5568.90046 11.16133 3.59730 12.94839
5570.12317 11.16164 3.59751 12.94881
5571.34589 11.16194 3.59773 12.94924
5572.56860 11.16225 3.59794 12.94967
5573.79131 11.16256 3.59816 12.95009
5575.01402 11.16286 3.59837 12.95052
5576.23674 11.16317 3.59858 12.95094
5577.45945 11.16347 3.59880 12.95136
5578.68216 11.16378 3.59901 12.95178
5579.90487 11.16408 3.59922 12.95221
5581.12759 11.16438 3.59944 12.95263
5582.35030 11.16469 3.59965 12.95305
5583.57301 11.16499 3.59986 12.95346
5584.79573 11.16529 3.60007 12.95388
5586.01844 11.16560 3.60028 12.95430
5587.24115 11.16589 3.60049 12.95472
5588.46386 11.16619 3.60070 12.95514
5589.68658 11.16649 3.60091 12.95555
5590.90929 11.16679 3.60112 12.95597
5592.13200 11.16709 3.60133 12.95638
5593.35471 11.16739 3.60154 12.95680
5594.57743 11.16769 3.60175 12.95721
5595.80014 11.16798 3.60195 12.95762
5597.02285 11.16828 3.60216 12.95804
5598.24557 11.16858 3.60237 12.95845
5599.46828 11.16888 3.60258 12.95887
5600.69099 11.16917 3.60278 12.95928
5601.91370 11.16947 3.60299 12.95969
5603.13642 11.16976 3.60319 12.96009
5604.35913 11.17005 3.60340 12.96050
5605.58184 11.17035 3.60360 12.96091
5606.80455 11.17064 3.60380 12.96132
5608.02727 11.17093 3.60401 12.96172
5609.24998 11.17122 3.60421 12.96213
5610.47269 11.17152 3.60442 12.96253
5611.69541 11.17181 3.60462 12.96294
5612.91812 11.17210 3.60483 12.96334
5614.14083 11.17239 3.60503 12.96375
5615.36354 11.17268 3.60523 12.96415
5616.58626 11.17297 3.60543 12.96455
5617.80897 11.17326 3.60564 12.96495
5619.03168 11.17355 3.60584 12.96535
5620.25439 11.17384 3.60604 12.96576
5621.47711 11.17412 3.60624 12.96615
5622.69982 11.17441 3.60644 12.96655
5623.92253 11.17469 3.60664 12.96695
5625.14525 11.17498 3.60684 12.96735
5626.36796 11.17527 3.60705 12.96774
5627.59067 11.17555 3.60724 12.96814
5628.81338 11.17584 3.60744 12.96853
5630.03610 11.17612 3.60764 12.96893
5631.25881 11.17640 3.60784 12.96932
5632.48152 11.17669 3.60803 12.96972
5633.70423 11.17697 3.60823 12.97011
5634.92695 11.17725 3.60843 12.97050
5636.14966 11.17753 3.60862 12.97089
5637.37237 11.17781 3.60882 12.97128
5638.59509 11.17809 3.60902 12.97167
5639.81780 11.17838 3.60922 12.97206
5641.04051 11.17866 3.60941 12.97245
5642.26322 11.17894 3.60961 12.97284
5643.48594 11.17922 3.60980 12.97323
5644.70865 11.17949 3.61000 12.97362
5645.93136 11.17977 3.61019 12.97400
5647.15407 11.18005 3.61039 12.97439
5648.37679 11.18033 3.61058 12.97477
5649.59950 11.18061 3.61078 12.97516
5650.82221 11.18088 3.61097 12.97554
5652.04492 11.18116 3.61116 12.97593
5653.26764 11.18144 3.61136 12.97631
5654.49035 11.18171 3.61155 12.97669
5655.71306 11.18199 3.61174 12.97707
5656.93578 11.18226 3.61193 12.97745
5658.15849 11.18253 3.61212 12.97783
5659.38120 11.18281 3.61231 12.97821
5660.60391 11.18308 3.61250 12.97859
5661.82663 11.18335 3.61269 12.97897
5663.04934 11.18363 3.61288 12.97935
5664.27205 11.18390 3.61307 12.97972
5665.49476 11.18417 3.61326 12.98010
5666.71748 11.18444 3.61345 12.98048
5667.94019 11.18471 3.61364 12.98085
5669.16290 11.18498 3.61383 12.98123
5670.38562 11.18524 3.61401 12.98160
5671.60833 11.18551 3.61420 12.98197
5672.83104 11.18578 3.61439 12.98234
5674.05375 11.18604 3.61457 12.98272
5675.27647 11.18631 3.61476 12.98309
5676.49918 11.18658 3.61495 12.98345
5677.72189 11.18684 3.61513 12.98382
5678.94460 11.18711 3.61532 12.98419
5680.16732 11.18738 3.61550 12.98456
5681.39003 11.18764 3.61569 12.98492
5682.61274 11.18791 3.61588 12.98529
5683.83546 11.18817 3.61606 12.98565
5685.05817 11.18843 3.61625 12.98602
5686.28088 11.18869 3.61643 12.98639
5687.50359 11.18896 3.61661 12.98675
5688.72631 11.18922 3.61680 12.98712
5689.94902 11.18948 3.61698 12.98748
5691.17173 11.18974 3.61716 12.98784
5692.39444 11.19000 3.61734 12.98820
5693.61716 11.19026 3.61752 12.98856
5694.83987 11.19052 3.61770 12.98893
5696.06258 11.19078 3.61788 12.98929
5697.28530 11.19104 3.61806 12.98964
5698.50801 11.19130 3.61825 12.99000
5699.73072 11.19156 3.61843 12.99036
5700.95343 11.19182 3.61861 12.99072
5702.17615 11.19207 3.61879 12.99108
5703.39886 11.19233 3.61897 12.99143
5704.62157 11.19258 3.61914 12.99179
5705.84428 11.19284 3.61932 12.99214
5707.06700 11.19309 3.61950 12.99249
5708.28971 11.19335 3.61968 12.99284
5709.51242 11.19360 3.61985 12.99320
5710.73514 11.19385 3.62003 12.99355
5711.95785 11.19411 3.62021 12.99390
5713.18056 11.19436 3.62039 12.99425
5714.40327 11.19461 3.62056 12.99460
5715.62599 11.19486 3.62074 12.99495
5716.84870 11.19511 3.62091 12.99530
5718.07141 11.19536 3.62109 12.99565
5719.29412 11.19561 3.62126 12.99600
5720.51684 11.19586 3.62144 12.99634
5721.73955 11.19611 3.62161 12.99669
5722.96226 11.19636 3.62178 12.99704
5724.18497 11.19661 3.62196 12.99738
5725.40769 11.19685 3.62213 12.99772
5726.63040 11.19710 3.62230 12.99806
5727.85311 11.19735 3.62247 12.99841
5729.07583 11.19759 3.62264 12.99875
5730.29854 11.19784 3.62282 12.99909
5731.52125 11.19809 3.62299 12.99943
5732.74396 11.19833 3.62316 12.99977
5733.96668 11.19858 3.62333 13.00011
5735.18939 11.19882 3.62350 13.00045
5736.41210 11.19907 3.62368 13.00079
5737.63481 11.19931 3.62384 13.00113
5738.85753 11.19955 3.62401 13.00147
5740.08024 11.19979 3.62418 13.00180
5741.30295 11.20004 3.62435 13.00214
5742.52567 11.20028 3.62452 13.00248
5743.74838 11.20052 3.62469 13.00281
5744.97109 11.20076 3.62486 13.00314
5746.19380 11.20099 3.62502 13.00347
5747.41652 11.20123 3.62519 13.00380
5748.63923 11.20147 3.62536 13.00414
5749.86194 11.20171 3.62553 13.00447
5751.08465 11.20195 3.62569 13.00480
5752.30737 11.20219 3.62586 13.00513
5753.53008 11.20242 3.62602 13.00546
5754.75279 11.20266 3.62619 13.00579
5755.97551 11.20290 3.62635 13.00612
5757.19822 11.20314 3.62652 13.00644
5758.42093 11.20337 3.62668 13.00677
5759.64364 11.20360 3.62684 13.00709
5760.86636 11.20384 3.62701 13.00742
5762.08907 11.20407 3.62717 13.00774
5763.31178 11.20430 3.62733 13.00807
5764.53449 11.20453 3.62750 13.00839
5765.75721 11.20477 3.62766 13.00871
5766.97992 11.20500 3.62782 13.00903
5768.20263 11.20523 3.62798 13.00936
5769.42535 11.20547 3.62815 13.00968
5770.64806 11.20570 3.62831 13.01000
5771.87077 11.20593 3.62847 13.01032
5773.09348 11.20615 3.62863 13.01063
5774.31620 11.20638 3.62879 13.01095
5775.53891 11.20661 3.62895 13.01127
5776.76162 11.20684 3.62911 13.01159
5777.98433 11.20706 3.62927 13.01190
5779.20705 11.20729 3.62942 13.01222
5780.42976 11.20752 3.62958 13.01253
5781.65247 11.20775 3.62974 13.01285
5782.87519 11.20797 3.62990 13.01316
5784.09790 11.20820 3.63005 13.01348
5785.32061 11.20842 3.63021 13.01379
5786.54332 11.20865 3.63037 13.01410
5787.76604 11.20887 3.63052 13.01441
5788.98875 11.20909 3.63068 13.01472
5790.21146 11.20931 3.63083 13.01503
5791.43417 11.20954 3.63099 13.01534
5792.65689 11.20976 3.63115 13.01564
5793.87960 11.20998 3.63130 13.01595
5795.10231 11.21020 3.63146 13.01626
5796.32503 11.21042 3.63161 13.01656
5797.54774 11.21065 3.63177 13.01687
5798.77045 11.21087 3.63192 13.01717
5799.99316 11.21108 3.63207 13.01748
5801.21588 11.21130 3.63223 13.01778
5802.43859 11.21152 3.63238 13.01809
5803.66130 11.21174 3.63253 13.01839
5804.88401 11.21196 3.63268 13.01870
5806.10673 11.21217 3.63283 13.01900
5807.32944 11.21239 3.63298 13.01930
5808.55215 11.21260 3.63314 13.01960
5809.77486 11.21282 3.63329 13.01989
5810.99758 11.21303 3.63344 13.02019
5812.22029 11.21325 3.63359 13.02049
5813.44300 11.21346 3.63373 13.02079
5814.66572 11.21367 3.63388 13.02108
5815.88843 11.21389 3.63403 13.02138
5817.11114 11.21410 3.63418 13.02167
5818.33385 11.21431 3.63433 13.02197
5819.55657 11.21452 3.63448 13.02226
5820.77928 11.21474 3.63462 13.02255
5822.00199 11.21495 3.63477 13.02284
5823.22470 11.21516 3.63492 13.02314
5824.44742 11.21537 3.63506 13.02343
5825.67013 11.21558 3.63521 13.02372
5826.89284 11.21579 3.63536 13.02401
5828.11556 11.21600 3.63550 13.02430
5829.33827 11.21620 3.63565 13.02459
5830.56098 11.21641 3.63580 13.02488
5831.78369 11.21662 3.63594 13.02517
5833.00641 11.21682 3.63609 13.02546
5834.22912 11.21703 3.63623 13.02574
5835.45183 11.21723 3.63638 13.02603
5836.67454 11.21744 3.63652 13.02631
5837.89726 11.21764 3.63666 13.02660
5839.11997 11.21785 3.63681 13.02688
5840.34268 11.21805 3.63695 13.02716
5841.56540 11.21825 3.63709 13.02744
5842.78811 11.21846 3.63723 13.02772
5844.01082 11.21866 3.63737 13.02801
5845.23353 11.21887 3.63751 13.02829
5846.45625 11.21907 3.63765 13.02857
5847.67896 11.21927 3.63779 13.02884
5848.90167 11.21946 3.63793 13.02912
5850.12438 11.21966 3.63807 13.02940
5851.34710 11.21986 3.63821 13.02968
5852.56981 11.22006 3.63835 13.02995
5853.79252 11.22026 3.63849 13.03023
5855.01524 11.22046 3.63863 13.03050
5856.23795 11.22066 3.63877 13.03078
5857.46066 11.22086 3.63890 13.03105
5858.68337 11.22106 3.63904 13.03132
5859.90609 11.22125 3.63918 13.03160
5861.12880 11.22144 3.63931 13.03187
5862.35151 11.22164 3.63945 13.03214
5863.57422 11.22183 3.63959 13.03241
5864.79694 11.22203 3.63972 13.03268
5866.01965 11.22222 3.63986 13.03295
5867.24236 11.22241 3.63999 13.03321
5868.46508 11.22261 3.64013 13.03348
5869.68779 11.22280 3.64026 13.03375
5870.91050 11.22299 3.64040 13.03402
5872.13321 11.22319 3.64053 13.03428
5873.35593 11.22338 3.64066 13.03455
5874.57864 11.22357 3.64080 13.03481
5875.80135 11.22376 3.64093 13.03508
5877.02406 11.22395 3.64106 13.03534
5878.24678 11.22414 3.64120 13.03560
5879.46949 11.22433 3.64133 13.03587
5880.69220 11.22452 3.64146 13.03613
5881.91491 11.22470 3.64159 13.03639
5883.13763 11.22489 3.64172 13.03665
5884.36034 11.22507 3.64185 13.03691
5885.58305 11.22526 3.64198 13.03717
5886.80577 11.22545 3.64211 13.03742
5888.02848 11.22563 3.64224 13.03768
5889.25119 11.22582 3.64237 13.03794
5890.47390 11.22600 3.64250 13.03819
5891.69662 11.22618 3.64263 13.03845
5892.91933 11.22637 3.64276 13.03871
5894.14204 11.22655 3.64289 13.03896
5895.36475 11.22673 3.64301 13.03921
5896.58747 11.22691 3.64314 13.03946
5897.81018 11.22709 3.64327 13.03972
5899.03289 11.22727 3.64339 13.03997
5900.25561 11.22746 3.64352 13.04022
5901.47832 11.22763 3.64365 13.04047
5902.70103 11.22781 3.64377 13.04072
5903.92374 11.22799 3.64390 13.04097
5905.14646 11.22817 3.64402 13.04122
5906.36917 11.22835 3.64415 13.04147
5907.59188 11.22853 3.64427 13.04171
5908.81459 11.22871 3.64439 13.04196
5910.03731 11.22889 3.64452 13.04221
5911.26002 11.22906 3.64464 13.04245
5912.48273 11.22924 3.64476 13.04270
5913.70545 11.22942 3.64488 13.04294
5914.92816 11.22959 3.64500 13.04318
5916.15087 11.22977 3.64513 13.04343
5917.37358 11.22994 3.64525 13.04367
5918.59630 11.23011 3.64537 13.04391
5919.81901 11.23029 3.64549 13.04415
5921.04172 11.23046 3.64561 13.04439
5922.26443 11.23063 3.64573 13.04463
5923.48715 11.23080 3.64585 13.04487
5924.70986 11.23098 3.64597 13.04511
5925.93257 11.23115 3.64609 13.04535
5927.15529 11.23132 3.64621 13.04558
5928.37800 11.23149 3.64633 13.04582
5929.60071 11.23166 3.64645 13.04605
5930.82342 11.23183 3.64657 13.04629
5932.04614 11.23199 3.64669 13.04652
5933.26885 11.23216 3.64680 13.04676
5934.49156 11.23233 3.64692 13.04699
5935.71427 11.23250 3.64704 13.04722
5936.93699 11.23266 3.64715 13.04745
5938.15970 11.23283 3.64727 13.04768
5939.38241 11.23300 3.64739 13.04791
5940.60513 11.23316 3.64750 13.04814
5941.82784 11.23333 3.64762 13.04837
5943.05055 11.23349 3.64773 13.04860
5944.27326 11.23365 3.64785 13.04882
5945.49598 11.23382 3.64796 13.04905
5946.71869 11.23398 3.64808 13.04928
5947.94140 11.23414 3.64819 13.04951
5949.16411 11.23431 3.64830 13.04973
5950.38683 11.23447 3.64841 13.04995
5951.60954 11.23463 3.64853 13.05018
5952.83225 11.23479 3.64864 13.05040
5954.05496 11.23495 3.64875 13.05062
5955.27768 11.23511 3.64886 13.05085
5956.50039 11.23527 3.64897 13.05107
5957.72310 11.23542 3.64908 13.05129
5958.94582 11.23558 3.64919 13.05151
5960.16853 11.23574 3.64930 13.05173
5961.39124 11.23590 3.64941 13.05195
5962.61395 11.23605 3.64952 13.05217
5963.83667 11.23621 3.64963 13.05238
5965.05938 11.23637 3.64974 13.05259
5966.28209 11.23652 3.64985 13.05281
5967.50480 11.23668 3.64996 13.05302
5968.72752 11.23683 3.65007 13.05324
5969.95023 11.23698 3.65017 13.05345
5971.17294 11.23714 3.65028 13.05367
5972.39566 11.23729 3.65039 13.05388
5973.61837 11.23744 3.65049 13.05409
5974.84108 11.23759 3.65060 13.05431
5976.06379 11.23775 3.65070 13.05452
5977.28651 11.23790 3.65081 13.05472
5978.50922 11.23805 3.65092 13.05493
5979.73193 11.23820 3.65102 13.05514
5980.95464 11.23835 3.65113 13.05535
5982.17736 11.23850 3.65123 13.05555
5983.40007 11.23865 3.65134 13.05576
5984.62278 11.23880 3.65144 13.05597
5985.84550 11.23894 3.65154 13.05617
5987.06821 11.23909 3.65165 13.05638
5988.29092 11.23924 3.65175 13.05658
5989.51363 11.23939 3.65185 13.05679
5990.73635 11.23953 3.65195 13.05699
5991.95906 11.23968 3.65205 13.05719
5993.18177 11.23982 3.65215 13.05740
5994.40448 11.23997 3.65226 13.05760
5995.62720 11.24011 3.65236 13.05780
5996.84991 11.24026 3.65246 13.05800
5998.07262 11.24040 3.65256 13.05820
5999.29534 11.24054 3.65266 13.05839
6000.51805 11.24068 3.65276 13.05859
6001.74076 11.24082 3.65286 13.05879
6002.96347 11.24096 3.65296 13.05898
6004.18619 11.24110 3.65306 13.05918
6005.40890 11.24125 3.65315 13.05937
6006.63161 11.24139 3.65325 13.05957
6007.85432 11.24153 3.65335 13.05976
6009.07704 11.24167 3.65345 13.05996
6010.29975 11.24181 3.65355 13.06015
6011.52246 11.24194 3.65364 13.06034
6012.74518 11.24208 3.65374 13.06053
6013.96789 11.24222 3.65383 13.06072
6015.19060 11.24235 3.65393 13.06091
6016.41331 11.24249 3.65402 13.06110
6017.63603 11.24262 3.65412 13.06129
6018.85874 11.24276 3.65421 13.06147
6020.08145 11.24289 3.65431 13.06166
6021.30416 11.24303 3.65440 13.06184
6022.52688 11.24316 3.65449 13.06203
6023.74959 11.24329 3.65459 13.06222
6024.97230 11.24343 3.65468 13.06240
6026.19502 11.24356 3.65477 13.06259
6027.41773 11.24369 3.65486 13.06277
6028.64044 11.24382 3.65495 13.06295
6029.86315 11.24396 3.65504 13.06314
6031.08587 11.24409 3.65514 13.06332
6032.30858 11.24421 3.65523 13.06350
6033.53129 11.24434 3.65532 13.06368
6034.75400 11.24447 3.65541 13.06386
6035.97672 11.24460 3.65550 13.06404
6037.19943 11.24473 3.65559 13.06421
6038.42214 11.24486 3.65568 13.06439
6039.64485 11.24498 3.65577 13.06457
6040.86757 11.24511 3.65585 13.06475
6042.09028 11.24524 3.65594 13.06492
6043.31299 11.24537 3.65603 13.06510
6044.53571 11.24549 3.65612 13.06527
6045.75842 11.24562 3.65621 13.06544
6046.98113 11.24574 3.65629 13.06562
6048.20384 11.24587 3.65638 13.06579
6049.42656 11.24599 3.65647 13.06596
6050.64927 11.24612 3.65656 13.06613
6051.87198 11.24624 3.65664 13.06630
6053.09469 11.24636 3.65672 13.06647
6054.31741 11.24648 3.65681 13.06664
6055.54012 11.24660 3.65689 13.06681
6056.76283 11.24673 3.65698 13.06697
6057.98555 11.24685 3.65706 13.06714
6059.20826 11.24696 3.65715 13.06731
6060.43097 11.24708 3.65723 13.06747
6061.65368 11.24720 3.65731 13.06764
6062.87640 11.24732 3.65740 13.06781
6064.09911 11.24744 3.65748 13.06797
6065.32182 11.24755 3.65756 13.06813
6066.54453 11.24767 3.65764 13.06830
6067.76725 11.24779 3.65772 13.06846
6068.98996 11.24790 3.65780 13.06862
6070.21267 11.24802 3.65789 13.06878
6071.43539 11.24814 3.65796 13.06894
6072.65810 11.24825 3.65804 13.06910
6073.88081 11.24836 3.65812 13.06925
6075.10352 11.24848 3.65820 13.06941
6076.32624 11.24859 3.65828 13.06957
6077.54895 11.24871 3.65836 13.06973
6078.77166 11.24882 3.65844 13.06988
6079.99437 11.24893 3.65852 13.07004
6081.21709 11.24904 3.65860 13.07019
6082.43980 11.24915 3.65867 13.07034
6083.66251 11.24926 3.65875 13.07050
6084.88523 11.24937 3.65883 13.07065
6086.10794 11.24948 3.65891 13.07080
6087.33065 11.24959 3.65898 13.07095
6088.55336 11.24970 3.65906 13.07110
6089.77608 11.24980 3.65913 13.07125
6090.99879 11.24991 3.65921 13.07140
6092.22150 11.25002 3.65928 13.07155
6093.44421 11.25012 3.65936 13.07170
6094.66693 11.25023 3.65943 13.07184
6095.88964 11.25033 3.65951 13.07199
6097.11235 11.25044 3.65958 13.07214
6098.33507 11.25055 3.65966 13.07229
6099.55778 11.25065 3.65973 13.07243
6100.78049 11.25075 3.65980 13.07258
6102.00320 11.25086 3.65987 13.07272
6103.22592 11.25096 3.65994 13.07287
6104.44863 11.25107 3.66002 13.07301
6105.67134 11.25117 3.66009 13.07315
6106.89405 11.25127 3.66016 13.07329
6108.11677 11.25137 3.66023 13.07343
6109.33948 11.25147 3.66030 13.07357
6110.56219 11.25157 3.66037 13.07371
6111.78490 11.25167 3.66044 13.07385
6113.00762 11.25177 3.66050 13.07399
6114.23033 11.25186 3.66057 13.07412
6115.45304 11.25196 3.66064 13.07426
6116.67576 11.25206 3.66071 13.07440
6117.89847 11.25216 3.66078 13.07453
6119.12118 11.25226 3.66084 13.07467
6120.34389 11.25235 3.66091 13.07480
6121.56661 11.25245 3.66098 13.07493
6122.78932 11.25254 3.66105 13.07506
6124.01203 11.25264 3.66112 13.07520
6125.23474 11.25273 3.66118 13.07533
6126.45746 11.25283 3.66125 13.07546
6127.68017 11.25292 3.66131 13.07559
6128.90288 11.25301 3.66138 13.07572
6130.12560 11.25310 3.66144 13.07585
6131.34831 11.25320 3.66151 13.07597
6132.57102 11.25329 3.66157 13.07610
6133.79373 11.25338 3.66163 13.07623
6135.01645 11.25347 3.66170 13.07635
6136.23916 11.25356 3.66176 13.07648
6137.46187 11.25365 3.66182 13.07660
6138.68458 11.25374 3.66188 13.07673
6139.90730 11.25383 3.66195 13.07685
6141.13001 11.25391 3.66201 13.07697
6142.35272 11.25400 3.66207 13.07710
6143.57544 11.25409 3.66213 13.07722
6144.79815 11.25418 3.66219 13.07734
6146.02086 11.25426 3.66225 13.07746
6147.24357 11.25435 3.66231 13.07758
6148.46629 11.25444 3.66237 13.07769
6149.68900 11.25452 3.66243 13.07781
6150.91171 11.25461 3.66249 13.07793
6152.13442 11.25470 3.66255 13.07804
6153.35714 11.25478 3.66261 13.07816
6154.57985 11.25486 3.66266 13.07827
6155.80256 11.25494 3.66272 13.07839
6157.02528 11.25503 3.66278 13.07850
6158.24799 11.25511 3.66284 13.07862
6159.47070 11.25519 3.66290 13.07873
6160.69341 11.25527 3.66296 13.07884
6161.91613 11.25535 3.66301 13.07895
6163.13884 11.25543 3.66307 13.07906
6164.36155 11.25551 3.66312 13.07918
6165.58426 11.25559 3.66318 13.07929
6166.80698 11.25566 3.66323 13.07940
6168.02969 11.25574 3.66329 13.07950
6169.25240 11.25582 3.66334 13.07961
6170.47512 11.25589 3.66339 13.07972
6171.69783 11.25597 3.66345 13.07983
6172.92054 11.25605 3.66350 13.07993
6174.14325 11.25612 3.66355 13.08004
6175.36597 11.25620 3.66361 13.08014
6176.58868 11.25627 3.66366 13.08025
6177.81139 11.25635 3.66371 13.08035
6179.03410 11.25642 3.66376 13.08045
6180.25682 11.25650 3.66381 13.08056
6181.47953 11.25657 3.66386 13.08066
6182.70224 11.25664 3.66391 13.08076
6183.92495 11.25671 3.66396 13.08086
6185.14767 11.25679 3.66401 13.08096
6186.37038 11.25686 3.66406 13.08106
6187.59309 11.25693 3.66411 13.08116
6188.81581 11.25700 3.66416 13.08125
6190.03852 11.25707 3.66421 13.08135
6191.26123 11.25714 3.66426 13.08144
6192.48394 11.25721 3.66431 13.08153
6193.70666 11.25728 3.66435 13.08163
6194.92937 11.25734 3.66440 13.08172
6196.15208 11.25741 3.66445 13.08182
6197.37479 11.25748 3.66449 13.08191
6198.59751 11.25754 3.66454 13.08200
6199.82022 11.25761 3.66459 13.08210
6201.04293 11.25767 3.66463 13.08219
6202.26565 11.25774 3.66468 13.08228
6203.48836 11.25780 3.66472 13.08237
6204.71107 11.25787 3.66477 13.08246
6205.93378 11.25793 3.66481 13.08255
6207.15650 11.25800 3.66486 13.08263
6208.37921 11.25806 3.66490 13.08272
6209.60192 11.25812 3.66494 13.08280
6210.82463 11.25818 3.66499 13.08289
6212.04735 11.25824 3.66503 13.08297
6213.27006 11.25830 3.66507 13.08306
6214.49277 11.25836 3.66511 13.08314
6215.71549 11.25842 3.66516 13.08322
6216.93820 11.25848 3.66520 13.08330
6218.16091 11.25854 3.66524 13.08339
6219.38362 11.25860 3.66528 13.08347
6220.60634 11.25866 3.66532 13.08355
6221.82905 11.25871 3.66536 13.08363
6223.05176 11.25877 3.66540 13.08371
6224.27447 11.25883 3.66544 13.08379
6225.49719 11.25889 3.66548 13.08387
6226.71990 11.25894 3.66552 13.08395
6227.94261 11.25900 3.66556 13.08402
6229.16533 11.25905 3.66560 13.08410
6230.38804 11.25910 3.66563 13.08417
6231.61075 11.25916 3.66567 13.08425
6232.83346 11.25921 3.66571 13.08432
6234.05618 11.25926 3.66575 13.08439
6235.27889 11.25931 3.66578 13.08446
6236.50160 11.25936 3.66582 13.08454
6237.72431 11.25942 3.66585 13.08461
6238.94703 11.25947 3.66589 13.08468
6240.16974 11.25952 3.66593 13.08475
6241.39245 11.25957 3.66596 13.08482
6242.61517 11.25962 3.66600 13.08489
6243.83788 11.25967 3.66603 13.08495
6245.06059 11.25972 3.66606 13.08502
6246.28330 11.25977 3.66610 13.08509
6247.50602 11.25981 3.66613 13.08515
6248.72873 11.25986 3.66616 13.08522
6249.95144 11.25991 3.66619 13.08528
6251.17415 11.25995 3.66622 13.08535
6252.39687 11.25999 3.66626 13.08541
6253.61958 11.26004 3.66629 13.08548
6254.84229 11.26008 3.66632 13.08554
6256.06501 11.26013 3.66635 13.08560
6257.28772 11.26017 3.66638 13.08566
6258.51043 11.26022 3.66641 13.08572
6259.73314 11.26026 3.66644 13.08578
6260.95586 11.26031 3.66647 13.08584
6262.17857 11.26035 3.66650 13.08590
6263.40128 11.26039 3.66653 13.08595
6264.62399 11.26043 3.66656 13.08601
6265.84671 11.26047 3.66658 13.08607
6267.06942 11.26051 3.66661 13.08613
6268.29213 11.26055 3.66664 13.08618
6269.51484 11.26059 3.66667 13.08624
6270.73756 11.26062 3.66670 13.08629
6271.96027 11.26066 3.66672 13.08634
6273.18298 11.26070 3.66675 13.08639
6274.40570 11.26074 3.66678 13.08645
6275.62841 11.26077 3.66680 13.08650
6276.85112 11.26081 3.66683 13.08654
6278.07383 11.26085 3.66685 13.08659
6279.29655 11.26088 3.66688 13.08664
6280.51926 11.26092 3.66690 13.08669
6281.74197 11.26095 3.66693 13.08674
6282.96468 11.26099 3.66695 13.08679
6284.18740 11.26102 3.66697 13.08683
6285.41011 11.26105 3.66699 13.08688
6286.63282 11.26108 3.66702 13.08693
6287.85554 11.26112 3.66704 13.08697
6289.07825 11.26115 3.66706 13.08702
6290.30096 11.26118 3.66708 13.08706
6291.52367 11.26121 3.66710 13.08710
6292.74639 11.26124 3.66712 13.08714
6293.96910 11.26127 3.66715 13.08718
6295.19181 11.26130 3.66717 13.08722
6296.41452 11.26133 3.66719 13.08726
6297.63724 11.26136 3.66721 13.08730
6298.85995 11.26138 3.66723 13.08734
6300.08266 11.26141 3.66725 13.08738
6301.30538 11.26144 3.66727 13.08742
6302.52809 11.26146 3.66729 13.08745
6303.75080 11.26149 3.66730 13.08749
6304.97351 11.26152 3.66732 13.08752
6306.19623 11.26154 3.66734 13.08756
6307.41894 11.26157 3.66736 13.08760
6308.64165 11.26159 3.66738 13.08763
6309.86436 11.26162 3.66739 13.08767
6311.08708 11.26164 3.66741 13.08770
6312.30979 11.26166 3.66742 13.08773
6313.53250 11.26169 3.66744 13.08776
6314.75522 11.26171 3.66745 13.08779
6315.97793 11.26173 3.66746 13.08782
6317.20064 11.26175 3.66748 13.08785
6318.42335 11.26177 3.66749 13.08787
6319.64607 11.26179 3.66751 13.08790
6320.86878 11.26181 3.66752 13.08793
6322.09149 11.26183 3.66754 13.08795
6323.31420 11.26185 3.66755 13.08798
6324.53692 11.26187 3.66756 13.08800
6325.75963 11.26188 3.66758 13.08803
6326.98234 11.26190 3.66759 13.08805
6328.20506 11.26192 3.66760 13.08807
6329.42777 11.26193 3.66761 13.08810
6330.65048 11.26195 3.66762 13.08812
6331.87319 11.26196 3.66763 13.08814
6333.09591 11.26198 3.66764 13.08816
6334.31862 11.26199 3.66765 13.08818
6335.54133 11.26200 3.66766 13.08820
6336.76404 11.26202 3.66767 13.08822
6337.98676 11.26203 3.66768 13.08824
6339.20947 11.26204 3.66769 13.08825
6340.43218 11.26206 3.66770 13.08827
6341.65489 11.26207 3.66771 13.08829
6342.87761 11.26208 3.66771 13.08831
6344.10032 11.26209 3.66772 13.08832
6345.32303 11.26210 3.66773 13.08834
6346.54575 11.26211 3.66773 13.08835
6347.76846 11.26212 3.66774 13.08836
6348.99117 11.26213 3.66774 13.08837
6350.21388 11.26214 3.66775 13.08839
6351.43660 11.26215 3.66775 13.08840
6352.65931 11.26215 3.66776 13.08841
6353.88202 11.26216 3.66776 13.08841
6355.10473 11.26217 3.66777 13.08842
6356.32745 11.26217 3.66778 13.08843
6357.55016 11.26218 3.66778 13.08844
6358.77287 11.26218 3.66778 13.08845
6359.99559 11.26219 3.66778 13.08845
6361.21830 11.26219 3.66779 13.08846
6362.44101 11.26219 3.66779 13.08846
6363.66372 11.26220 3.66779 13.08847
6364.88644 11.26220 3.66779 13.08847
6366.10915 11.26220 3.66779 13.08847
6367.33186 11.26220 3.66779 13.08847
6368.55457 11.26220 3.66780 13.08848
6369.77729 11.26220 3.66780 13.08848
6371.00000 11.26220 3.66780 13.08848
