2891.00000 8.06482 0.00000 9.90348
2893.26077 8.06868 0.00000 9.90708
2895.52154 8.07253 0.00000 9.91067
2897.78231 8.07639 0.00000 9.91427
2900.04308 8.08025 0.00000 9.91786
2902.30385 8.08411 0.00000 9.92146
2904.56462 8.08796 0.00000 9.92505
2906.82540 8.09181 0.00000 9.92864
2909.08617 8.09565 0.00000 9.93223
2911.34694 8.09949 0.00000 9.93582
2913.60771 8.10334 0.00000 9.93941
2915.86848 8.10718 0.00000 9.94300
2918.12925 8.11101 0.00000 9.94658
2920.39002 8.11483 0.00000 9.95015
2922.65079 8.11865 0.00000 9.95372
2924.91156 8.12247 0.00000 9.95729
2927.17233 8.12629 0.00000 9.96087
2929.43310 8.13011 0.00000 9.96444
2931.69387 8.13390 0.00000 9.96799
2933.95464 8.13770 0.00000 9.97155
2936.21542 8.14150 0.00000 9.97510
2938.47619 8.14529 0.00000 9.97865
2940.73696 8.14909 0.00000 9.98221
2942.99773 8.15287 0.00000 9.98575
2945.25850 8.15664 0.00000 9.98929
2947.51927 8.16041 0.00000 9.99282
2949.78004 8.16418 0.00000 9.99636
2952.04081 8.16795 0.00000 9.99989
2954.30158 8.17172 0.00000 10.00343
2956.56235 8.17547 0.00000 10.00695
2958.82312 8.17922 0.00000 10.01047
2961.08389 8.18297 0.00000 10.01398
2963.34466 8.18672 0.00000 10.01750
2965.60544 8.19046 0.00000 10.02102
2967.86621 8.19421 0.00000 10.02453
2970.12698 8.19793 0.00000 10.02803
2972.38775 8.20166 0.00000 10.03153
2974.64852 8.20538 0.00000 10.03504
2976.90929 8.20911 0.00000 10.03854
2979.17006 8.21283 0.00000 10.04204
2981.43083 8.21654 0.00000 10.04553
2983.69160 8.22024 0.00000 10.04901
2985.95237 8.22394 0.00000 10.05249
2988.21314 8.22763 0.00000 10.05597
2990.47391 8.23133 0.00000 10.05946
2992.73468 8.23503 0.00000 10.06294
2994.99546 8.23871 0.00000 10.06640
2997.25623 8.24239 0.00000 10.06987
2999.51700 8.24606 0.00000 10.07334
3001.77777 8.24974 0.00000 10.07680
3004.03854 8.25342 0.00000 10.08027
3006.29931 8.25709 0.00000 10.08373
3008.56008 8.26074 0.00000 10.08718
3010.82085 8.26439 0.00000 10.09062
3013.08162 8.26804 0.00000 10.09407
3015.34239 8.27169 0.00000 10.09751
3017.60316 8.27534 0.00000 10.10096
3019.86393 8.27897 0.00000 10.10440
3022.12470 8.28260 0.00000 10.10783
3024.38548 8.28623 0.00000 10.11126
3026.64625 8.28986 0.00000 10.11469
3028.90702 8.29349 0.00000 10.11812
3031.16779 8.29712 0.00000 10.12155
3033.42856 8.30072 0.00000 10.12496
3035.68933 8.30433 0.00000 10.12837
3037.95010 8.30793 0.00000 10.13178
3040.21087 8.31153 0.00000 10.13519
3042.47164 8.31514 0.00000 10.13860
3044.73241 8.31874 0.00000 10.14201
3046.99318 8.32232 0.00000 10.14540
3049.25395 8.32590 0.00000 10.14880
3051.51472 8.32948 0.00000 10.15219
3053.77550 8.33306 0.00000 10.15559
3056.03627 8.33664 0.00000 10.15898
3058.29704 8.34021 0.00000 10.16237
3060.55781 8.34376 0.00000 10.16574
3062.81858 8.34732 0.00000 10.16912
3065.07935 8.35088 0.00000 10.17250
3067.34012 8.35444 0.00000 10.17587
3069.60089 8.35800 0.00000 10.17925
3071.86166 8.36153 0.00000 10.18261
3074.12243 8.36507 0.00000 10.18597
3076.38320 8.36860 0.00000 10.18933
3078.64397 8.37213 0.00000 10.19269
3080.90474 8.37567 0.00000 10.19605
3083.16552 8.37920 0.00000 10.19940
3085.42629 8.38271 0.00000 10.20275
3087.68706 8.38622 0.00000 10.20609
3089.94783 8.38973 0.00000 10.20943
3092.20860 8.39324 0.00000 10.21278
3094.46937 8.39676 0.00000 10.21612
3096.73014 8.40025 0.00000 10.21945
3098.99091 8.40374 0.00000 10.22277
3101.25168 8.40723 0.00000 10.22610
3103.51245 8.41072 0.00000 10.22942
3105.77322 8.41421 0.00000 10.23274
3108.03399 8.41769 0.00000 10.23607
3110.29476 8.42116 0.00000 10.23938
3112.55554 8.42462 0.00000 10.24268
3114.81631 8.42809 0.00000 10.24599
3117.07708 8.43156 0.00000 10.24930
3119.33785 8.43502 0.00000 10.25261
3121.59862 8.43848 0.00000 10.25591
3123.85939 8.44192 0.00000 10.25920
3126.12016 8.44536 0.00000 10.26249
3128.38093 8.44881 0.00000 10.26578
3130.64170 8.45225 0.00000 10.26907
3132.90247 8.45569 0.00000 10.27236
3135.16324 8.45912 0.00000 10.27564
3137.42401 8.46254 0.00000 10.27891
3139.68478 8.46595 0.00000 10.28219
3141.94556 8.46937 0.00000 10.28546
3144.20633 8.47279 0.00000 10.28873
3146.46710 8.47621 0.00000 10.29201
3148.72787 8.47961 0.00000 10.29526
3150.98864 8.48301 0.00000 10.29852
3153.24941 8.48641 0.00000 10.30177
3155.51018 8.48980 0.00000 10.30503
3157.77095 8.49320 0.00000 10.30828
3160.03172 8.49659 0.00000 10.31153
3162.29249 8.49997 0.00000 10.31477
3164.55326 8.50334 0.00000 10.31801
3166.81403 8.50672 0.00000 10.32125
3169.07480 8.51009 0.00000 10.32449
3171.33558 8.51347 0.00000 10.32773
3173.59635 8.51683 0.00000 10.33096
3175.85712 8.52018 0.00000 10.33418
3178.11789 8.52354 0.00000 10.33741
3180.37866 8.52690 0.00000 10.34063
3182.63943 8.53025 0.00000 10.34385
3184.90020 8.53360 0.00000 10.34707
3187.16097 8.53693 0.00000 10.35028
3189.42174 8.54026 0.00000 10.35348
3191.68251 8.54359 0.00000 10.35668
3193.94328 8.54692 0.00000 10.35988
3196.20405 8.55025 0.00000 10.36309
3198.46482 8.55357 0.00000 10.36628
3200.72560 8.55688 0.00000 10.36947
3202.98637 8.56019 0.00000 10.37267
3205.24714 8.56350 0.00000 10.37586
3207.50791 8.56681 0.00000 10.37905
3209.76868 8.57013 0.00000 10.38224
3212.02945 8.57342 0.00000 10.38541
3214.29022 8.57670 0.00000 10.38859
3216.55099 8.57999 0.00000 10.39176
3218.81176 8.58328 0.00000 10.39493
3221.07253 8.58656 0.00000 10.39810
3223.33330 8.58984 0.00000 10.40127
3225.59407 8.59311 0.00000 10.40442
3227.85484 8.59638 0.00000 10.40758
3230.11562 8.59964 0.00000 10.41073
3232.37639 8.60291 0.00000 10.41388
3234.63716 8.60617 0.00000 10.41704
3236.89793 8.60942 0.00000 10.42018
3239.15870 8.61267 0.00000 10.42332
3241.41947 8.61591 0.00000 10.42646
3243.68024 8.61916 0.00000 10.42959
3245.94101 8.62240 0.00000 10.43273
3248.20178 8.62564 0.00000 10.43587
3250.46255 8.62887 0.00000 10.43899
3252.72332 8.63209 0.00000 10.44211
3254.98409 8.63531 0.00000 10.44523
3257.24486 8.63854 0.00000 10.44835
3259.50564 8.64176 0.00000 10.45147
3261.76641 8.64498 0.00000 10.45459
3264.02718 8.64818 0.00000 10.45769
3266.28795 8.65138 0.00000 10.46079
3268.54872 8.65458 0.00000 10.46390
3270.80949 8.65777 0.00000 10.46700
3273.07026 8.66097 0.00000 10.47011
3275.33103 8.66416 0.00000 10.47320
3277.59180 8.66734 0.00000 10.47629
3279.85257 8.67052 0.00000 10.47938
3282.11334 8.67370 0.00000 10.48246
3284.37411 8.67688 0.00000 10.48555
3286.63488 8.68006 0.00000 10.48864
3288.89566 8.68322 0.00000 10.49171
3291.15643 8.68638 0.00000 10.49479
3293.41720 8.68953 0.00000 10.49786
3295.67797 8.69269 0.00000 10.50093
3297.93874 8.69585 0.00000 10.50400
3300.19951 8.69900 0.00000 10.50707
3302.46028 8.70214 0.00000 10.51012
3304.72105 8.70527 0.00000 10.51318
3306.98182 8.70841 0.00000 10.51623
3309.24259 8.71155 0.00000 10.51929
3311.50336 8.71469 0.00000 10.52234
3313.76413 8.71781 0.00000 10.52538
3316.02490 8.72093 0.00000 10.52842
3318.28568 8.72404 0.00000 10.53146
3320.54645 8.72716 0.00000 10.53449
3322.80722 8.73028 0.00000 10.53753
3325.06799 8.73339 0.00000 10.54056
3327.32876 8.73649 0.00000 10.54359
3329.58953 8.73958 0.00000 10.54661
3331.85030 8.74268 0.00000 10.54963
3334.11107 8.74577 0.00000 10.55266
3336.37184 8.74887 0.00000 10.55568
3338.63261 8.75195 0.00000 10.55869
3340.89338 8.75503 0.00000 10.56170
3343.15415 8.75810 0.00000 10.56470
3345.41492 8.76118 0.00000 10.56771
3347.67570 8.76425 0.00000 10.57071
3349.93647 8.76732 0.00000 10.57372
3352.19724 8.77038 0.00000 10.57671
3354.45801 8.77344 0.00000 10.57970
3356.71878 8.77649 0.00000 10.58269
3358.97955 8.77955 0.00000 10.58568
3361.24032 8.78260 0.00000 10.58867
3363.50109 8.78565 0.00000 10.59165
3365.76186 8.78868 0.00000 10.59462
3368.02263 8.79172 0.00000 10.59759
3370.28340 8.79475 0.00000 10.60057
3372.54417 8.79778 0.00000 10.60354
3374.80494 8.80082 0.00000 10.60651
3377.06572 8.80384 0.00000 10.60947
3379.32649 8.80685 0.00000 10.61243
3381.58726 8.80987 0.00000 10.61539
3383.84803 8.81288 0.00000 10.61834
3386.10880 8.81590 0.00000 10.62130
3388.36957 8.81891 0.00000 10.62426
3390.63034 8.82190 0.00000 10.62720
3392.89111 8.82490 0.00000 10.63014
3395.15188 8.82789 0.00000 10.63308
3397.41265 8.83088 0.00000 10.63602
3399.67342 8.83387 0.00000 10.63896
3401.93419 8.83686 0.00000 10.64189
3404.19496 8.83984 0.00000 10.64482
3406.45574 8.84281 0.00000 10.64774
3408.71651 8.84578 0.00000 10.65067
3410.97728 8.84876 0.00000 10.65359
3413.23805 8.85173 0.00000 10.65652
3415.49882 8.85469 0.00000 10.65943
3417.75959 8.85764 0.00000 10.66234
3420.02036 8.86059 0.00000 10.66525
3422.28113 8.86354 0.00000 10.66816
3424.54190 8.86650 0.00000 10.67106
3426.80267 8.86945 0.00000 10.67397
3429.06344 8.87238 0.00000 10.67686
3431.32421 8.87532 0.00000 10.67975
3433.58498 8.87825 0.00000 10.68265
3435.84576 8.88118 0.00000 10.68554
3438.10653 8.88412 0.00000 10.68843
3440.36730 8.88705 0.00000 10.69132
3442.62807 8.88996 0.00000 10.69419
3444.88884 8.89287 0.00000 10.69707
3447.14961 8.89579 0.00000 10.69994
3449.41038 8.89870 0.00000 10.70282
3451.67115 8.90161 0.00000 10.70569
3453.93192 8.90451 0.00000 10.70856
3456.19269 8.90740 0.00000 10.71142
3458.45346 8.91030 0.00000 10.71428
3460.71423 8.91319 0.00000 10.71714
3462.97501 8.91608 0.00000 10.72000
3465.23578 8.91898 0.00000 10.72286
3467.49655 8.92185 0.00000 10.72570
3469.75732 8.92472 0.00000 10.72854
3472.01809 8.92760 0.00000 10.73139
3474.27886 8.93047 0.00000 10.73423
3476.53963 8.93335 0.00000 10.73708
3478.80040 8.93621 0.00000 10.73991
3481.06117 8.93907 0.00000 10.74274
3483.32194 8.94192 0.00000 10.74557
3485.58271 8.94478 0.00000 10.74840
3487.84348 8.94763 0.00000 10.75122
3490.10425 8.95048 0.00000 10.75405
3492.36503 8.95333 0.00000 10.75687
3494.62580 8.95616 0.00000 10.75968
3496.88657 8.95899 0.00000 10.76249
3499.14734 8.96183 0.00000 10.76530
3501.40811 8.96466 0.00000 10.76812
3503.66888 8.96750 0.00000 10.77093
3505.92965 8.97031 0.00000 10.77372
3508.19042 8.97313 0.00000 10.77652
3510.45119 8.97594 0.00000 10.77931
3512.71196 8.97876 0.00000 10.78211
3514.97273 8.98157 0.00000 10.78491
3517.23350 8.98438 0.00000 10.78770
3519.49427 8.98718 0.00000 10.79048
3521.75505 8.98998 0.00000 10.79326
3524.01582 8.99278 0.00000 10.79604
3526.27659 8.99557 0.00000 10.79882
3528.53736 8.99837 0.00000 10.80160
3530.79813 9.00115 0.00000 10.80437
3533.05890 9.00393 0.00000 10.80714
3535.31967 9.00670 0.00000 10.80990
3537.58044 9.00948 0.00000 10.81266
3539.84121 9.01226 0.00000 10.81543
3542.10198 9.01503 0.00000 10.81819
3544.36275 9.01779 0.00000 10.82094
3546.62352 9.02055 0.00000 10.82369
3548.88429 9.02331 0.00000 10.82644
3551.14507 9.02607 0.00000 10.82919
3553.40584 9.02883 0.00000 10.83194
3555.66661 9.03158 0.00000 10.83468
3557.92738 9.03432 0.00000 10.83741
3560.18815 9.03706 0.00000 10.84015
3562.44892 9.03980 0.00000 10.84288
3564.70969 9.04254 0.00000 10.84562
3566.97046 9.04528 0.00000 10.84835
3569.23123 9.04800 0.00000 10.85107
3571.49200 9.05072 0.00000 10.85379
3573.75277 9.05345 0.00000 10.85651
3576.01354 9.05617 0.00000 10.85922
3578.27431 9.05889 0.00000 10.86194
3580.53509 9.06161 0.00000 10.86466
3582.79586 9.06431 0.00000 10.86736
3585.05663 9.06701 0.00000 10.87006
3587.31740 9.06971 0.00000 10.87276
3589.57817 9.07241 0.00000 10.87546
3591.83894 9.07512 0.00000 10.87817
3594.09971 9.07781 0.00000 10.88086
3596.36048 9.08049 0.00000 10.88355
3598.62125 9.08318 0.00000 10.88624
3600.88202 9.08587 0.00000 10.88892
3603.14279 9.08855 0.00000 10.89161
3605.40356 9.09124 0.00000 10.89430
3607.66433 9.09391 0.00000 10.89697
3609.92511 9.09657 0.00000 10.89965
3612.18588 9.09924 0.00000 10.90232
3614.44665 9.10191 0.00000 10.90500
3616.70742 9.10457 0.00000 10.90767
3618.96819 9.10724 0.00000 10.91034
3621.22896 9.10988 0.00000 10.91299
3623.48973 9.11253 0.00000 10.91564
3625.75050 9.11518 0.00000 10.91830
3628.01127 9.11782 0.00000 10.92095
3630.27204 9.12047 0.00000 10.92361
3632.53281 9.12311 0.00000 10.92625
3634.79358 9.12574 0.00000 10.92890
3637.05435 9.12837 0.00000 10.93154
3639.31513 9.13100 0.00000 10.93419
3641.57590 9.13363 0.00000 10.93683
3643.83667 9.13626 0.00000 10.93947
3646.09744 9.13887 0.00000 10.94210
3648.35821 9.14149 0.00000 10.94472
3650.61898 9.14410 0.00000 10.94735
3652.87975 9.14671 0.00000 10.94998
3655.14052 9.14932 0.00000 10.95260
3657.40129 9.15193 0.00000 10.95522
3659.66206 9.15452 0.00000 10.95783
3661.92283 9.15712 0.00000 10.96044
3664.18360 9.15971 0.00000 10.96305
3666.44437 9.16231 0.00000 10.96566
3668.70515 9.16491 0.00000 10.96827
3670.96592 9.16749 0.00000 10.97087
3673.22669 9.17006 0.00000 10.97347
3675.48746 9.17264 0.00000 10.97606
3677.74823 9.17522 0.00000 10.97866
3680.00900 9.17779 0.00000 10.98125
3682.26977 9.18037 0.00000 10.98385
3684.53054 9.18293 0.00000 10.98643
3686.79131 9.18548 0.00000 10.98901
3689.05208 9.18804 0.00000 10.99159
3691.31285 9.19060 0.00000 10.99417
3693.57362 9.19316 0.00000 10.99675
3695.83439 9.19571 0.00000 10.99932
3698.09517 9.19825 0.00000 11.00189
3700.35594 9.20079 0.00000 11.00445
3702.61671 9.20333 0.00000 11.00702
3704.87748 9.20587 0.00000 11.00958
3707.13825 9.20841 0.00000 11.01215
3709.39902 9.21094 0.00000 11.01470
3711.65979 9.21347 0.00000 11.01725
3713.92056 9.21599 0.00000 11.01980
3716.18133 9.21852 0.00000 11.02235
3718.44210 9.22104 0.00000 11.02490
3720.70287 9.22356 0.00000 11.02745
3722.96364 9.22607 0.00000 11.02998
3725.22441 9.22858 0.00000 11.03252
3727.48519 9.23108 0.00000 11.03505
3729.74596 9.23359 0.00000 11.03759
3732.00673 9.23610 0.00000 11.04012
3734.26750 9.23860 0.00000 11.04265
3736.52827 9.24109 0.00000 11.04517
3738.78904 9.24358 0.00000 11.04769
3741.04981 9.24607 0.00000 11.05021
3743.31058 9.24855 0.00000 11.05273
3745.57135 9.25104 0.00000 11.05525
3747.83212 9.25352 0.00000 11.05776
3750.09289 9.25599 0.00000 11.06026
3752.35366 9.25846 0.00000 11.06277
3754.61443 9.26093 0.00000 11.06527
3756.87521 9.26341 0.00000 11.06778
3759.13598 9.26587 0.00000 11.07028
3761.39675 9.26833 0.00000 11.07277
3763.65752 9.27078 0.00000 11.07526
3765.91829 9.27324 0.00000 11.07775
3768.17906 9.27570 0.00000 11.08024
3770.43983 9.27815 0.00000 11.08274
3772.70060 9.28060 0.00000 11.08522
3774.96137 9.28304 0.00000 11.08769
3777.22214 9.28548 0.00000 11.09017
3779.48291 9.28792 0.00000 11.09264
3781.74368 9.29036 0.00000 11.09512
3784.00445 9.29280 0.00000 11.09759
3786.26523 9.29522 0.00000 11.10006
3788.52600 9.29764 0.00000 11.10252
3790.78677 9.30007 0.00000 11.10498
3793.04754 9.30249 0.00000 11.10744
3795.30831 9.30491 0.00000 11.10990
3797.56908 9.30733 0.00000 11.11236
3799.82985 9.30973 0.00000 11.11480
3802.09062 9.31214 0.00000 11.11725
3804.35139 9.31454 0.00000 11.11970
3806.61216 9.31694 0.00000 11.12214
3808.87293 9.31935 0.00000 11.12459
3811.13370 9.32174 0.00000 11.12703
3813.39447 9.32413 0.00000 11.12946
3815.65525 9.32652 0.00000 11.13189
3817.91602 9.32891 0.00000 11.13432
3820.17679 9.33130 0.00000 11.13675
3822.43756 9.33369 0.00000 11.13918
3824.69833 9.33607 0.00000 11.14160
3826.95910 9.33844 0.00000 11.14402
3829.21987 9.34081 0.00000 11.14643
3831.48064 9.34318 0.00000 11.14885
3833.74141 9.34556 0.00000 11.15127
3836.00218 9.34792 0.00000 11.15368
3838.26295 9.35028 0.00000 11.15608
3840.52372 9.35264 0.00000 11.15848
3842.78449 9.35499 0.00000 11.16089
3845.04527 9.35735 0.00000 11.16329
3847.30604 9.35971 0.00000 11.16569
3849.56681 9.36205 0.00000 11.16808
3851.82758 9.36439 0.00000 11.17047
3854.08835 9.36673 0.00000 11.17286
3856.34912 9.36907 0.00000 11.17525
3858.60989 9.37141 0.00000 11.17764
3860.87066 9.37375 0.00000 11.18003
3863.13143 9.37608 0.00000 11.18240
3865.39220 9.37840 0.00000 11.18477
3867.65297 9.38073 0.00000 11.18715
3869.91374 9.38305 0.00000 11.18952
3872.17451 9.38538 0.00000 11.19190
3874.43529 9.38769 0.00000 11.19426
3876.69606 9.39000 0.00000 11.19662
3878.95683 9.39231 0.00000 11.19898
3881.21760 9.39462 0.00000 11.20134
3883.47837 9.39693 0.00000 11.20370
3885.73914 9.39924 0.00000 11.20605
3887.99991 9.40153 0.00000 11.20840
3890.26068 9.40383 0.00000 11.21075
3892.52145 9.40612 0.00000 11.21309
3894.78222 9.40841 0.00000 11.21543
3897.04299 9.41070 0.00000 11.21778
3899.30376 9.41300 0.00000 11.22012
3901.56453 9.41527 0.00000 11.22245
3903.82531 9.41755 0.00000 11.22478
3906.08608 9.41983 0.00000 11.22712
3908.34685 9.42211 0.00000 11.22945
3910.60762 9.42439 0.00000 11.23178
3912.86839 9.42666 0.00000 11.23410
3915.12916 9.42892 0.00000 11.23642
3917.38993 9.43118 0.00000 11.23874
3919.65070 9.43344 0.00000 11.24105
3921.91147 9.43570 0.00000 11.24337
3924.17224 9.43796 0.00000 11.24568
3926.43301 9.44021 0.00000 11.24799
3928.69378 9.44246 0.00000 11.25029
3930.95455 9.44470 0.00000 11.25259
3933.21533 9.44695 0.00000 11.25489
3935.47610 9.44920 0.00000 11.25719
3937.73687 9.45144 0.00000 11.25949
3939.99764 9.45367 0.00000 11.26178
3942.25841 9.45590 0.00000 11.26407
3944.51918 9.45813 0.00000 11.26635
3946.77995 9.46036 0.00000 11.26864
3949.04072 9.46259 0.00000 11.27093
3951.30149 9.46482 0.00000 11.27321
3953.56226 9.46703 0.00000 11.27548
3955.82303 9.46925 0.00000 11.27775
3958.08380 9.47147 0.00000 11.28003
3960.34457 9.47368 0.00000 11.28230
3962.60535 9.47590 0.00000 11.28457
3964.86612 9.47810 0.00000 11.28683
3967.12689 9.48030 0.00000 11.28909
3969.38766 9.48250 0.00000 11.29135
3971.64843 9.48470 0.00000 11.29361
3973.90920 9.48690 0.00000 11.29587
3976.16997 9.48910 0.00000 11.29813
3978.43074 9.49129 0.00000 11.30037
3980.69151 9.49347 0.00000 11.30262
3982.95228 9.49566 0.00000 11.30487
3985.21305 9.49785 0.00000 11.30711
3987.47382 9.50003 0.00000 11.30936
3989.73459 9.50221 0.00000 11.31160
3991.99537 9.50438 0.00000 11.31383
3994.25614 9.50656 0.00000 11.31606
3996.51691 9.50873 0.00000 11.31829
3998.77768 9.51090 0.00000 11.32052
4001.03845 9.51307 0.00000 11.32275
4003.29922 9.51523 0.00000 11.32497
4005.55999 9.51739 0.00000 11.32719
4007.82076 9.51954 0.00000 11.32941
4010.08153 9.52170 0.00000 11.33162
4012.34230 9.52385 0.00000 11.33384
4014.60307 9.52601 0.00000 11.33605
4016.86384 9.52815 0.00000 11.33826
4019.12461 9.53029 0.00000 11.34046
4021.38539 9.53243 0.00000 11.34266
4023.64616 9.53457 0.00000 11.34486
4025.90693 9.53672 0.00000 11.34707
4028.16770 9.53885 0.00000 11.34926
4030.42847 9.54098 0.00000 11.35145
4032.68924 9.54310 0.00000 11.35364
4034.95001 9.54523 0.00000 11.35584
4037.21078 9.54736 0.00000 11.35803
4039.47155 9.54949 0.00000 11.36022
4041.73232 9.55160 0.00000 11.36239
4043.99309 9.55371 0.00000 11.36457
4046.25386 9.55582 0.00000 11.36674
4048.51463 9.55794 0.00000 11.36892
4050.77541 9.56005 0.00000 11.37109
4053.03618 9.56216 0.00000 11.37326
4055.29695 9.56425 0.00000 11.37542
4057.55772 9.56635 0.00000 11.37759
4059.81849 9.56845 0.00000 11.37975
4062.07926 9.57055 0.00000 11.38191
4064.34003 9.57265 0.00000 11.38408
4066.60080 9.57474 0.00000 11.38623
4068.86157 9.57683 0.00000 11.38838
4071.12234 9.57891 0.00000 11.39053
4073.38311 9.58100 0.00000 11.39268
4075.64388 9.58308 0.00000 11.39482
4077.90465 9.58517 0.00000 11.39697
4080.16543 9.58724 0.00000 11.39911
4082.42620 9.58931 0.00000 11.40124
4084.68697 9.59138 0.00000 11.40338
4086.94774 9.59345 0.00000 11.40551
4089.20851 9.59552 0.00000 11.40765
4091.46928 9.59759 0.00000 11.40978
4093.73005 9.59964 0.00000 11.41190
4095.99082 9.60170 0.00000 11.41402
4098.25159 9.60376 0.00000 11.41614
4100.51236 9.60582 0.00000 11.41826
4102.77313 9.60787 0.00000 11.42038
4105.03390 9.60992 0.00000 11.42249
4107.29467 9.61196 0.00000 11.42460
4109.55545 9.61400 0.00000 11.42671
4111.81622 9.61605 0.00000 11.42882
4114.07699 9.61809 0.00000 11.43092
4116.33776 9.62013 0.00000 11.43303
4118.59853 9.62216 0.00000 11.43512
4120.85930 9.62419 0.00000 11.43722
4123.12007 9.62622 0.00000 11.43931
4125.38084 9.62824 0.00000 11.44140
4127.64161 9.63027 0.00000 11.44349
4129.90238 9.63230 0.00000 11.44558
4132.16315 9.63431 0.00000 11.44766
4134.42392 9.63633 0.00000 11.44974
4136.68469 9.63834 0.00000 11.45183
4138.94547 9.64036 0.00000 11.45391
4141.20624 9.64238 0.00000 11.45599
4143.46701 9.64438 0.00000 11.45806
4145.72778 9.64638 0.00000 11.46012
4147.98855 9.64838 0.00000 11.46219
4150.24932 9.65039 0.00000 11.46425
4152.51009 9.65239 0.00000 11.46632
4154.77086 9.65439 0.00000 11.46838
4157.03163 9.65638 0.00000 11.47044
4159.29240 9.65836 0.00000 11.47249
4161.55317 9.66035 0.00000 11.47455
4163.81394 9.66234 0.00000 11.47660
4166.07471 9.66433 0.00000 11.47866
4168.33549 9.66631 0.00000 11.48071
4170.59626 9.66829 0.00000 11.48274
4172.85703 9.67026 0.00000 11.48478
4175.11780 9.67224 0.00000 11.48682
4177.37857 9.67422 0.00000 11.48886
4179.63934 9.67620 0.00000 11.49090
4181.90011 9.67816 0.00000 11.49293
4184.16088 9.68012 0.00000 11.49496
4186.42165 9.68208 0.00000 11.49698
4188.68242 9.68404 0.00000 11.49901
4190.94319 9.68600 0.00000 11.50104
4193.20396 9.68796 0.00000 11.50306
4195.46473 9.68991 0.00000 11.50508
4197.72551 9.69186 0.00000 11.50709
4199.98628 9.69381 0.00000 11.50910
4202.24705 9.69576 0.00000 11.51112
4204.50782 9.69772 0.00000 11.51313
4206.76859 9.69966 0.00000 11.51514
4209.02936 9.70159 0.00000 11.51714
4211.29013 9.70353 0.00000 11.51914
4213.55090 9.70547 0.00000 11.52114
4215.81167 9.70740 0.00000 11.52314
4218.07244 9.70934 0.00000 11.52514
4220.33321 9.71126 0.00000 11.52713
4222.59398 9.71319 0.00000 11.52912
4224.85475 9.71511 0.00000 11.53110
4227.11553 9.71704 0.00000 11.53309
4229.37630 9.71896 0.00000 11.53508
4231.63707 9.72088 0.00000 11.53706
4233.89784 9.72279 0.00000 11.53904
4236.15861 9.72470 0.00000 11.54101
4238.41938 9.72661 0.00000 11.54298
4240.68015 9.72853 0.00000 11.54496
4242.94092 9.73044 0.00000 11.54693
4245.20169 9.73234 0.00000 11.54890
4247.46246 9.73424 0.00000 11.55086
4249.72323 9.73614 0.00000 11.55282
4251.98400 9.73804 0.00000 11.55478
4254.24477 9.73994 0.00000 11.55674
4256.50555 9.74184 0.00000 11.55870
4258.76632 9.74372 0.00000 11.56065
4261.02709 9.74561 0.00000 11.56260
4263.28786 9.74750 0.00000 11.56455
4265.54863 9.74938 0.00000 11.56650
4267.80940 9.75127 0.00000 11.56845
4270.07017 9.75315 0.00000 11.57039
4272.33094 9.75503 0.00000 11.57232
4274.59171 9.75690 0.00000 11.57426
4276.85248 9.75878 0.00000 11.57619
4279.11325 9.76065 0.00000 11.57813
4281.37402 9.76253 0.00000 11.58006
4283.63479 9.76439 0.00000 11.58199
4285.89557 9.76625 0.00000 11.58391
4288.15634 9.76811 0.00000 11.58583
4290.41711 9.76998 0.00000 11.58775
4292.67788 9.77184 0.00000 11.58968
4294.93865 9.77370 0.00000 11.59160
4297.19942 9.77555 0.00000 11.59351
4299.46019 9.77740 0.00000 11.59542
4301.72096 9.77925 0.00000 11.59733
4303.98173 9.78110 0.00000 11.59924
4306.24250 9.78295 0.00000 11.60115
4308.50327 9.78479 0.00000 11.60305
4310.76404 9.78663 0.00000 11.60495
4313.02481 9.78847 0.00000 11.60685
4315.28559 9.79031 0.00000 11.60874
4317.54636 9.79215 0.00000 11.61064
4319.80713 9.79399 0.00000 11.61254
4322.06790 9.79582 0.00000 11.61442
4324.32867 9.79764 0.00000 11.61631
4326.58944 9.79947 0.00000 11.61819
4328.85021 9.80130 0.00000 11.62007
4331.11098 9.80312 0.00000 11.62196
4333.37175 9.80495 0.00000 11.62384
4335.63252 9.80676 0.00000 11.62571
4337.89329 9.80858 0.00000 11.62758
4340.15406 9.81039 0.00000 11.62946
4342.41483 9.81220 0.00000 11.63133
4344.67561 9.81402 0.00000 11.63320
4346.93638 9.81583 0.00000 11.63507
4349.19715 9.81763 0.00000 11.63693
4351.45792 9.81943 0.00000 11.63878
4353.71869 9.82124 0.00000 11.64064
4355.97946 9.82304 0.00000 11.64250
4358.24023 9.82484 0.00000 11.64436
4360.50100 9.82664 0.00000 11.64621
4362.76177 9.82843 0.00000 11.64805
4365.02254 9.83022 0.00000 11.64990
4367.28331 9.83201 0.00000 11.65175
4369.54408 9.83380 0.00000 11.65359
4371.80485 9.83559 0.00000 11.65543
4374.06563 9.83737 0.00000 11.65727
4376.32640 9.83915 0.00000 11.65910
4378.58717 9.84093 0.00000 11.66093
4380.84794 9.84271 0.00000 11.66276
4383.10871 9.84449 0.00000 11.66459
4385.36948 9.84627 0.00000 11.66642
4387.63025 9.84804 0.00000 11.66824
4389.89102 9.84981 0.00000 11.67006
4392.15179 9.85158 0.00000 11.67188
4394.41256 9.85335 0.00000 11.67371
4396.67333 9.85512 0.00000 11.67553
4398.93410 9.85687 0.00000 11.67734
4401.19487 9.85863 0.00000 11.67914
4403.45565 9.86039 0.00000 11.68095
4405.71642 9.86215 0.00000 11.68276
4407.97719 9.86390 0.00000 11.68457
4410.23796 9.86566 0.00000 11.68638
4412.49873 9.86741 0.00000 11.68817
4414.75950 9.86915 0.00000 11.68997
4417.02027 9.87090 0.00000 11.69177
4419.28104 9.87265 0.00000 11.69356
4421.54181 9.87439 0.00000 11.69536
4423.80258 9.87613 0.00000 11.69715
4426.06335 9.87787 0.00000 11.69893
4428.32412 9.87961 0.00000 11.70071
4430.58489 9.88134 0.00000 11.70249
4432.84567 9.88308 0.00000 11.70428
4435.10644 9.88481 0.00000 11.70606
4437.36721 9.88654 0.00000 11.70783
4439.62798 9.88827 0.00000 11.70960
4441.88875 9.88999 0.00000 11.71137
4444.14952 9.89172 0.00000 11.71314
4446.41029 9.89344 0.00000 11.71492
4448.67106 9.89516 0.00000 11.71668
4450.93183 9.89688 0.00000 11.71844
4453.19260 9.89860 0.00000 11.72020
4455.45337 9.90031 0.00000 11.72197
4457.71414 9.90203 0.00000 11.72373
4459.97491 9.90375 0.00000 11.72549
4462.23569 9.90545 0.00000 11.72724
4464.49646 9.90716 0.00000 11.72898
4466.75723 9.90886 0.00000 11.73073
4469.01800 9.91057 0.00000 11.73248
4471.27877 9.91227 0.00000 11.73422
4473.53954 9.91397 0.00000 11.73597
4475.80031 9.91567 0.00000 11.73770
4478.06108 9.91736 0.00000 11.73944
4480.32185 9.91905 0.00000 11.74117
4482.58262 9.92074 0.00000 11.74290
4484.84339 9.92244 0.00000 11.74464
4487.10416 9.92412 0.00000 11.74636
4489.36493 9.92581 0.00000 11.74809
4491.62571 9.92749 0.00000 11.74981
4493.88648 9.92917 0.00000 11.75153
4496.14725 9.93086 0.00000 11.75325
4498.40802 9.93254 0.00000 11.75497
4500.66879 9.93422 0.00000 11.75669
4502.92956 9.93589 0.00000 11.75840
4505.19033 9.93756 0.00000 11.76011
4507.45110 9.93924 0.00000 11.76182
4509.71187 9.94091 0.00000 11.76353
4511.97264 9.94258 0.00000 11.76524
4514.23341 9.94425 0.00000 11.76694
4516.49418 9.94591 0.00000 11.76864
4518.75495 9.94757 0.00000 11.77034
4521.01573 9.94924 0.00000 11.77204
4523.27650 9.95090 0.00000 11.77374
4525.53727 9.95256 0.00000 11.77543
4527.79804 9.95421 0.00000 11.77711
4530.05881 9.95587 0.00000 11.77880
4532.31958 9.95752 0.00000 11.78049
4534.58035 9.95917 0.00000 11.78217
4536.84112 9.96082 0.00000 11.78386
4539.10189 9.96247 0.00000 11.78554
4541.36266 9.96411 0.00000 11.78721
4543.62343 9.96576 0.00000 11.78888
4545.88420 9.96740 0.00000 11.79055
4548.14497 9.96905 0.00000 11.79223
4550.40575 9.97069 0.00000 11.79390
4552.66652 9.97232 0.00000 11.79556
4554.92729 9.97395 0.00000 11.79722
4557.18806 9.97559 0.00000 11.79889
4559.44883 9.97722 0.00000 11.80055
4561.70960 9.97886 0.00000 11.80221
4563.97037 9.98048 0.00000 11.80387
4566.23114 9.98211 0.00000 11.80552
4568.49191 9.98373 0.00000 11.80717
4570.75268 9.98536 0.00000 11.80882
4573.01345 9.98698 0.00000 11.81047
4575.27422 9.98861 0.00000 11.81212
4577.53499 9.99022 0.00000 11.81376
4579.79577 9.99184 0.00000 11.81539
4582.05654 9.99345 0.00000 11.81703
4584.31731 9.99506 0.00000 11.81867
4586.57808 9.99668 0.00000 11.82031
4588.83885 9.99829 0.00000 11.82195
4591.09962 9.99990 0.00000 11.82357
4593.36039 10.00150 0.00000 11.82520
4595.62116 10.00311 0.00000 11.82683
4597.88193 10.00472 0.00000 11.82845
4600.14270 10.00632 0.00000 11.83008
4602.40347 10.00792 0.00000 11.83170
4604.66424 10.00952 0.00000 11.83331
4606.92502 10.01111 0.00000 11.83493
4609.18579 10.01271 0.00000 11.83655
4611.44656 10.01430 0.00000 11.83816
4613.70733 10.01590 0.00000 11.83978
4615.96810 10.01748 0.00000 11.84138
4618.22887 10.01907 0.00000 11.84298
4620.48964 10.02066 0.00000 11.84459
4622.75041 10.02225 0.00000 11.84619
4625.01118 10.02383 0.00000 11.84779
4627.27195 10.02542 0.00000 11.84939
4629.53272 10.02700 0.00000 11.85099
4631.79349 10.02857 0.00000 11.85258
4634.05426 10.03015 0.00000 11.85417
4636.31504 10.03173 0.00000 11.85576
4638.57581 10.03331 0.00000 11.85736
4640.83658 10.03488 0.00000 11.85894
4643.09735 10.03645 0.00000 11.86052
4645.35812 10.03802 0.00000 11.86210
4647.61889 10.03958 0.00000 11.86368
4649.87966 10.04115 0.00000 11.86526
4652.14043 10.04272 0.00000 11.86684
4654.40120 10.04428 0.00000 11.86841
4656.66197 10.04584 0.00000 11.86998
4658.92274 10.04740 0.00000 11.87154
4661.18351 10.04896 0.00000 11.87311
4663.44428 10.05052 0.00000 11.87468
4665.70506 10.05208 0.00000 11.87624
4667.96583 10.05363 0.00000 11.87780
4670.22660 10.05519 0.00000 11.87936
4672.48737 10.05674 0.00000 11.88092
4674.74814 10.05829 0.00000 11.88247
4677.00891 10.05984 0.00000 11.88403
4679.26968 10.06139 0.00000 11.88558
4681.53045 10.06293 0.00000 11.88712
4683.79122 10.06447 0.00000 11.88867
4686.05199 10.06602 0.00000 11.89021
4688.31276 10.06756 0.00000 11.89176
4690.57353 10.06910 0.00000 11.89330
4692.83430 10.07064 0.00000 11.89484
4695.09508 10.07217 0.00000 11.89637
4697.35585 10.07370 0.00000 11.89790
4699.61662 10.07524 0.00000 11.89944
4701.87739 10.07677 0.00000 11.90097
4704.13816 10.07830 0.00000 11.90250
4706.39893 10.07983 0.00000 11.90402
4708.65970 10.08135 0.00000 11.90555
4710.92047 10.08288 0.00000 11.90707
4713.18124 10.08440 0.00000 11.90860
4715.44201 10.08593 0.00000 11.91012
4717.70278 10.08745 0.00000 11.91163
4719.96355 10.08897 0.00000 11.91314
4722.22432 10.09049 0.00000 11.91465
4724.48510 10.09200 0.00000 11.91617
4726.74587 10.09352 0.00000 11.91768
4729.00664 10.09504 0.00000 11.91919
4731.26741 10.09655 0.00000 11.92069
4733.52818 10.09806 0.00000 11.92219
4735.78895 10.09957 0.00000 11.92369
4738.04972 10.10108 0.00000 11.92519
4740.31049 10.10259 0.00000 11.92669
4742.57126 10.10409 0.00000 11.92818
4744.83203 10.10559 0.00000 11.92967
4747.09280 10.10710 0.00000 11.93116
4749.35357 10.10860 0.00000 11.93265
4751.61434 10.11010 0.00000 11.93414
4753.87512 10.11160 0.00000 11.93563
4756.13589 10.11310 0.00000 11.93711
4758.39666 10.11459 0.00000 11.93859
4760.65743 10.11608 0.00000 11.94007
4762.91820 10.11758 0.00000 11.94155
4765.17897 10.11907 0.00000 11.94302
4767.43974 10.12056 0.00000 11.94450
4769.70051 10.12205 0.00000 11.94596
4771.96128 10.12354 0.00000 11.94743
4774.22205 10.12502 0.00000 11.94890
4776.48282 10.12651 0.00000 11.95037
4778.74359 10.12800 0.00000 11.95183
4781.00436 10.12948 0.00000 11.95329
4783.26514 10.13096 0.00000 11.95475
4785.52591 10.13244 0.00000 11.95620
4787.78668 10.13392 0.00000 11.95766
4790.04745 10.13540 0.00000 11.95912
4792.30822 10.13687 0.00000 11.96057
4794.56899 10.13834 0.00000 11.96202
4796.82976 10.13982 0.00000 11.96346
4799.09053 10.14129 0.00000 11.96491
4801.35130 10.14276 0.00000 11.96635
4803.61207 10.14423 0.00000 11.96779
4805.87284 10.14570 0.00000 11.96923
4808.13361 10.14716 0.00000 11.97067
4810.39438 10.14862 0.00000 11.97210
4812.65516 10.15009 0.00000 11.97354
4814.91593 10.15155 0.00000 11.97497
4817.17670 10.15301 0.00000 11.97641
4819.43747 10.15447 0.00000 11.97784
4821.69824 10.15593 0.00000 11.97926
4823.95901 10.15738 0.00000 11.98068
4826.21978 10.15884 0.00000 11.98210
4828.48055 10.16030 0.00000 11.98353
4830.74132 10.16175 0.00000 11.98495
4833.00209 10.16320 0.00000 11.98636
4835.26286 10.16465 0.00000 11.98777
4837.52363 10.16610 0.00000 11.98918
4839.78440 10.16755 0.00000 11.99060
4842.04518 10.16900 0.00000 11.99201
4844.30595 10.17045 0.00000 11.99342
4846.56672 10.17189 0.00000 11.99482
4848.82749 10.17333 0.00000 11.99622
4851.08826 10.17478 0.00000 11.99762
4853.34903 10.17622 0.00000 11.99902
4855.60980 10.17767 0.00000 12.00042
4857.87057 10.17910 0.00000 12.00182
4860.13134 10.18054 0.00000 12.00321
4862.39211 10.18197 0.00000 12.00460
4864.65288 10.18341 0.00000 12.00599
4866.91365 10.18484 0.00000 12.00738
4869.17442 10.18628 0.00000 12.00877
4871.43520 10.18770 0.00000 12.01015
4873.69597 10.18913 0.00000 12.01153
4875.95674 10.19056 0.00000 12.01291
4878.21751 10.19199 0.00000 12.01429
4880.47828 10.19342 0.00000 12.01567
4882.73905 10.19484 0.00000 12.01704
4884.99982 10.19626 0.00000 12.01841
4887.26059 10.19768 0.00000 12.01978
4889.52136 10.19910 0.00000 12.02115
4891.78213 10.20052 0.00000 12.02251
4894.04290 10.20195 0.00000 12.02388
4896.30367 10.20336 0.00000 12.02524
4898.56444 10.20478 0.00000 12.02660
4900.82522 10.20620 0.00000 12.02796
4903.08599 10.20761 0.00000 12.02932
4905.34676 10.20903 0.00000 12.03068
4907.60753 10.21044 0.00000 12.03204
4909.86830 10.21185 0.00000 12.03339
4912.12907 10.21326 0.00000 12.03473
4914.38984 10.21467 0.00000 12.03608
4916.65061 10.21607 0.00000 12.03743
4918.91138 10.21748 0.00000 12.03878
4921.17215 10.21889 0.00000 12.04012
4923.43292 10.22029 0.00000 12.04146
4925.69369 10.22170 0.00000 12.04280
4927.95446 10.22310 0.00000 12.04414
4930.21524 10.22450 0.00000 12.04547
4932.47601 10.22591 0.00000 12.04681
4934.73678 10.22731 0.00000 12.04814
4936.99755 10.22870 0.00000 12.04947
4939.25832 10.23010 0.00000 12.05079
4941.51909 10.23149 0.00000 12.05212
4943.77986 10.23289 0.00000 12.05345
4946.04063 10.23428 0.00000 12.05477
4948.30140 10.23568 0.00000 12.05609
4950.56217 10.23707 0.00000 12.05740
4952.82294 10.23846 0.00000 12.05872
4955.08371 10.23985 0.00000 12.06004
4957.34448 10.24124 0.00000 12.06135
4959.60526 10.24263 0.00000 12.06266
4961.86603 10.24401 0.00000 12.06397
4964.12680 10.24539 0.00000 12.06528
4966.38757 10.24678 0.00000 12.06658
4968.64834 10.24816 0.00000 12.06789
4970.90911 10.24954 0.00000 12.06919
4973.16988 10.25092 0.00000 12.07049
4975.43065 10.25230 0.00000 12.07178
4977.69142 10.25368 0.00000 12.07308
4979.95219 10.25506 0.00000 12.07437
4982.21296 10.25644 0.00000 12.07567
4984.47373 10.25781 0.00000 12.07696
4986.73450 10.25918 0.00000 12.07824
4988.99528 10.26055 0.00000 12.07953
4991.25605 10.26193 0.00000 12.08081
4993.51682 10.26330 0.00000 12.08210
4995.77759 10.26467 0.00000 12.08338
4998.03836 10.26604 0.00000 12.08466
5000.29913 10.26741 0.00000 12.08594
5002.55990 10.26877 0.00000 12.08721
5004.82067 10.27014 0.00000 12.08849
5007.08144 10.27151 0.00000 12.08976
5009.34221 10.27288 0.00000 12.09104
5011.60298 10.27424 0.00000 12.09230
5013.86375 10.27560 0.00000 12.09357
5016.12452 10.27696 0.00000 12.09483
5018.38530 10.27832 0.00000 12.09610
5020.64607 10.27968 0.00000 12.09736
5022.90684 10.28104 0.00000 12.09862
5025.16761 10.28239 0.00000 12.09988
5027.42838 10.28375 0.00000 12.10113
5029.68915 10.28510 0.00000 12.10239
5031.94992 10.28646 0.00000 12.10364
5034.21069 10.28781 0.00000 12.10490
5036.47146 10.28917 0.00000 12.10614
5038.73223 10.29052 0.00000 12.10739
5040.99300 10.29187 0.00000 12.10863
5043.25377 10.29322 0.00000 12.10988
5045.51454 10.29457 0.00000 12.11112
5047.77532 10.29592 0.00000 12.11237
5050.03609 10.29726 0.00000 12.11360
5052.29686 10.29860 0.00000 12.11483
5054.55763 10.29995 0.00000 12.11607
5056.81840 10.30129 0.00000 12.11730
5059.07917 10.30264 0.00000 12.11853
5061.33994 10.30398 0.00000 12.11976
5063.60071 10.30532 0.00000 12.12099
5065.86148 10.30666 0.00000 12.12221
5068.12225 10.30801 0.00000 12.12344
5070.38302 10.30935 0.00000 12.12466
5072.64379 10.31069 0.00000 12.12588
5074.90456 10.31202 0.00000 12.12710
5077.16534 10.31336 0.00000 12.12832
5079.42611 10.31469 0.00000 12.12953
5081.68688 10.31603 0.00000 12.13075
5083.94765 10.31736 0.00000 12.13196
5086.20842 10.31869 0.00000 12.13318
5088.46919 10.32002 0.00000 12.13438
5090.72996 10.32135 0.00000 12.13559
5092.99073 10.32269 0.00000 12.13679
5095.25150 10.32402 0.00000 12.13799
5097.51227 10.32535 0.00000 12.13920
5099.77304 10.32667 0.00000 12.14040
5102.03381 10.32800 0.00000 12.14159
5104.29458 10.32932 0.00000 12.14279
5106.55536 10.33065 0.00000 12.14398
5108.81613 10.33197 0.00000 12.14517
5111.07690 10.33330 0.00000 12.14637
5113.33767 10.33462 0.00000 12.14756
5115.59844 10.33594 0.00000 12.14874
5117.85921 10.33727 0.00000 12.14993
5120.11998 10.33859 0.00000 12.15111
5122.38075 10.33991 0.00000 12.15230
5124.64152 10.34123 0.00000 12.15348
5126.90229 10.34255 0.00000 12.15465
5129.16306 10.34386 0.00000 12.15583
5131.42383 10.34518 0.00000 12.15700
5133.68460 10.34650 0.00000 12.15818
5135.94538 10.34781 0.00000 12.15935
5138.20615 10.34913 0.00000 12.16052
5140.46692 10.35044 0.00000 12.16169
5142.72769 10.35175 0.00000 12.16285
5144.98846 10.35306 0.00000 12.16402
5147.24923 10.35438 0.00000 12.16518
5149.51000 10.35569 0.00000 12.16635
