2891.04000 8.06482 0.00000 9.90348
2893.30073 8.06869 0.00000 9.90709
2895.56146 8.07256 0.00000 9.91069
2897.82219 8.07643 0.00000 9.91430
2900.08292 8.08030 0.00000 9.91791
2902.34365 8.08417 0.00000 9.92152
2904.60438 8.08803 0.00000 9.92512
2906.86512 8.09187 0.00000 9.92871
2909.12585 8.09572 0.00000 9.93230
2911.38658 8.09956 0.00000 9.93589
2913.64731 8.10341 0.00000 9.93948
2915.90804 8.10725 0.00000 9.94306
2918.16877 8.11108 0.00000 9.94664
2920.42950 8.11490 0.00000 9.95021
2922.69023 8.11872 0.00000 9.95379
2924.95096 8.12254 0.00000 9.95736
2927.21169 8.12636 0.00000 9.96093
2929.47242 8.13018 0.00000 9.96450
2931.73315 8.13397 0.00000 9.96805
2933.99388 8.13777 0.00000 9.97161
2936.25461 8.14156 0.00000 9.97516
2938.51535 8.14536 0.00000 9.97872
2940.77608 8.14915 0.00000 9.98227
2943.03681 8.15294 0.00000 9.98582
2945.29754 8.15671 0.00000 9.98935
2947.55827 8.16048 0.00000 9.99289
2949.81900 8.16425 0.00000 9.99642
2952.07973 8.16802 0.00000 9.99995
2954.34046 8.17179 0.00000 10.00349
2956.60119 8.17554 0.00000 10.00701
2958.86192 8.17929 0.00000 10.01053
2961.12265 8.18303 0.00000 10.01404
2963.38338 8.18678 0.00000 10.01756
2965.64411 8.19053 0.00000 10.02108
2967.90484 8.19427 0.00000 10.02459
2970.16558 8.19800 0.00000 10.02809
2972.42631 8.20172 0.00000 10.03159
2974.68704 8.20544 0.00000 10.03509
2976.94777 8.20917 0.00000 10.03860
2979.20850 8.21289 0.00000 10.04210
2981.46923 8.21660 0.00000 10.04559
2983.72996 8.22030 0.00000 10.04907
2985.99069 8.22400 0.00000 10.05255
2988.25142 8.22770 0.00000 10.05603
2990.51215 8.23139 0.00000 10.05951
2992.77288 8.23509 0.00000 10.06300
2995.03361 8.23877 0.00000 10.06646
2997.29434 8.24245 0.00000 10.06993
2999.55508 8.24612 0.00000 10.07339
3001.81581 8.24980 0.00000 10.07686
3004.07654 8.25348 0.00000 10.08033
3006.33727 8.25715 0.00000 10.08379
3008.59800 8.26080 0.00000 10.08723
3010.85873 8.26445 0.00000 10.09068
3013.11946 8.26810 0.00000 10.09413
3015.38019 8.27175 0.00000 10.09757
3017.64092 8.27540 0.00000 10.10102
3019.90165 8.27903 0.00000 10.10445
3022.16238 8.28266 0.00000 10.10788
3024.42311 8.28629 0.00000 10.11131
3026.68384 8.28992 0.00000 10.11474
3028.94457 8.29355 0.00000 10.11817
3031.20531 8.29718 0.00000 10.12160
3033.46604 8.30078 0.00000 10.12502
3035.72677 8.30439 0.00000 10.12843
3037.98750 8.30799 0.00000 10.13184
3040.24823 8.31159 0.00000 10.13525
3042.50896 8.31520 0.00000 10.13866
3044.76969 8.31880 0.00000 10.14207
3047.03042 8.32238 0.00000 10.14546
3049.29115 8.32596 0.00000 10.14885
3051.55188 8.32954 0.00000 10.15225
3053.81261 8.33312 0.00000 10.15564
3056.07334 8.33670 0.00000 10.15904
3058.33407 8.34027 0.00000 10.16242
3060.59480 8.34382 0.00000 10.16580
3062.85554 8.34738 0.00000 10.16918
3065.11627 8.35094 0.00000 10.17255
3067.37700 8.35450 0.00000 10.17593
3069.63773 8.35805 0.00000 10.17931
3071.89846 8.36159 0.00000 10.18267
3074.15919 8.36512 0.00000 10.18603
3076.41992 8.36866 0.00000 10.18938
3078.68065 8.37219 0.00000 10.19274
3080.94138 8.37573 0.00000 10.19610
3083.20211 8.37925 0.00000 10.19946
3085.46284 8.38277 0.00000 10.20280
3087.72357 8.38628 0.00000 10.20614
3089.98430 8.38979 0.00000 10.20949
3092.24504 8.39330 0.00000 10.21283
3094.50577 8.39681 0.00000 10.21617
3096.76650 8.40031 0.00000 10.21950
3099.02723 8.40380 0.00000 10.22283
3101.28796 8.40728 0.00000 10.22615
3103.54869 8.41077 0.00000 10.22947
3105.80942 8.41426 0.00000 10.23280
3108.07015 8.41775 0.00000 10.23612
3110.33088 8.42121 0.00000 10.23943
3112.59161 8.42468 0.00000 10.24274
3114.85234 8.42815 0.00000 10.24604
3117.11307 8.43161 0.00000 10.24935
3119.37380 8.43508 0.00000 10.25266
3121.63453 8.43853 0.00000 10.25596
3123.89527 8.44198 0.00000 10.25925
3126.15600 8.44542 0.00000 10.26254
3128.41673 8.44886 0.00000 10.26583
3130.67746 8.45230 0.00000 10.26912
3132.93819 8.45574 0.00000 10.27241
3135.19892 8.45917 0.00000 10.27569
3137.45965 8.46259 0.00000 10.27896
3139.72038 8.46601 0.00000 10.28224
3141.98111 8.46943 0.00000 10.28551
3144.24184 8.47285 0.00000 10.28879
3146.50257 8.47626 0.00000 10.29206
3148.76330 8.47966 0.00000 10.29531
3151.02403 8.48306 0.00000 10.29857
3153.28476 8.48646 0.00000 10.30182
3155.54550 8.48986 0.00000 10.30508
3157.80623 8.49326 0.00000 10.30833
3160.06696 8.49664 0.00000 10.31158
3162.32769 8.50002 0.00000 10.31482
3164.58842 8.50339 0.00000 10.31806
3166.84915 8.50677 0.00000 10.32130
3169.10988 8.51014 0.00000 10.32454
3171.37061 8.51352 0.00000 10.32778
3173.63134 8.51688 0.00000 10.33101
3175.89207 8.52023 0.00000 10.33423
3178.15280 8.52359 0.00000 10.33746
3180.41353 8.52695 0.00000 10.34068
3182.67426 8.53030 0.00000 10.34390
3184.93499 8.53366 0.00000 10.34712
3187.19573 8.53698 0.00000 10.35032
3189.45646 8.54031 0.00000 10.35353
3191.71719 8.54364 0.00000 10.35673
3193.97792 8.54697 0.00000 10.35993
3196.23865 8.55030 0.00000 10.36313
3198.49938 8.55362 0.00000 10.36633
3200.76011 8.55693 0.00000 10.36952
3203.02084 8.56024 0.00000 10.37271
3205.28157 8.56355 0.00000 10.37591
3207.54230 8.56687 0.00000 10.37910
3209.80303 8.57018 0.00000 10.38229
3212.06376 8.57347 0.00000 10.38546
3214.32449 8.57675 0.00000 10.38863
3216.58523 8.58004 0.00000 10.39181
3218.84596 8.58333 0.00000 10.39498
3221.10669 8.58661 0.00000 10.39815
3223.36742 8.58989 0.00000 10.40132
3225.62815 8.59316 0.00000 10.40447
3227.88888 8.59642 0.00000 10.40762
3230.14961 8.59969 0.00000 10.41078
3232.41034 8.60296 0.00000 10.41393
3234.67107 8.60622 0.00000 10.41708
3236.93180 8.60947 0.00000 10.42023
3239.19253 8.61272 0.00000 10.42337
3241.45326 8.61596 0.00000 10.42650
3243.71399 8.61920 0.00000 10.42964
3245.97472 8.62245 0.00000 10.43278
3248.23546 8.62569 0.00000 10.43592
3250.49619 8.62892 0.00000 10.43904
3252.75692 8.63214 0.00000 10.44216
3255.01765 8.63536 0.00000 10.44528
3257.27838 8.63858 0.00000 10.44840
3259.53911 8.64181 0.00000 10.45152
3261.79984 8.64502 0.00000 10.45463
3264.06057 8.64822 0.00000 10.45774
3266.32130 8.65142 0.00000 10.46084
3268.58203 8.65462 0.00000 10.46394
3270.84276 8.65782 0.00000 10.46705
3273.10349 8.66102 0.00000 10.47015
3275.36422 8.66421 0.00000 10.47325
3277.62495 8.66739 0.00000 10.47633
3279.88569 8.67057 0.00000 10.47942
3282.14642 8.67375 0.00000 10.48251
3284.40715 8.67693 0.00000 10.48560
3286.66788 8.68011 0.00000 10.48869
3288.92861 8.68327 0.00000 10.49176
3291.18934 8.68642 0.00000 10.49483
3293.45007 8.68958 0.00000 10.49790
3295.71080 8.69274 0.00000 10.50097
3297.97153 8.69589 0.00000 10.50405
3300.23226 8.69904 0.00000 10.50711
3302.49299 8.70218 0.00000 10.51017
3304.75372 8.70532 0.00000 10.51322
3307.01445 8.70846 0.00000 10.51628
3309.27519 8.71160 0.00000 10.51933
3311.53592 8.71473 0.00000 10.52238
3313.79665 8.71786 0.00000 10.52543
3316.05738 8.72097 0.00000 10.52846
3318.31811 8.72409 0.00000 10.53150
3320.57884 8.72720 0.00000 10.53454
3322.83957 8.73032 0.00000 10.53757
3325.10030 8.73344 0.00000 10.54061
3327.36103 8.73653 0.00000 10.54363
3329.62176 8.73963 0.00000 10.54665
3331.88249 8.74272 0.00000 10.54968
3334.14322 8.74582 0.00000 10.55270
3336.40395 8.74891 0.00000 10.55572
3338.66468 8.75200 0.00000 10.55874
3340.92542 8.75507 0.00000 10.56174
3343.18615 8.75814 0.00000 10.56474
3345.44688 8.76122 0.00000 10.56775
3347.70761 8.76429 0.00000 10.57075
3349.96834 8.76737 0.00000 10.57376
3352.22907 8.77042 0.00000 10.57675
3354.48980 8.77348 0.00000 10.57974
3356.75053 8.77653 0.00000 10.58273
3359.01126 8.77959 0.00000 10.58572
3361.27199 8.78264 0.00000 10.58871
3363.53272 8.78569 0.00000 10.59169
3365.79345 8.78873 0.00000 10.59466
3368.05418 8.79176 0.00000 10.59764
3370.31491 8.79479 0.00000 10.60061
3372.57565 8.79783 0.00000 10.60358
3374.83638 8.80086 0.00000 10.60655
3377.09711 8.80388 0.00000 10.60951
3379.35784 8.80690 0.00000 10.61247
3381.61857 8.80991 0.00000 10.61543
3383.87930 8.81292 0.00000 10.61838
3386.14003 8.81594 0.00000 10.62134
3388.40076 8.81895 0.00000 10.62430
3390.66149 8.82195 0.00000 10.62724
3392.92222 8.82494 0.00000 10.63018
3395.18295 8.82793 0.00000 10.63312
3397.44368 8.83092 0.00000 10.63606
3399.70441 8.83392 0.00000 10.63900
3401.96515 8.83690 0.00000 10.64193
3404.22588 8.83988 0.00000 10.64486
3406.48661 8.84285 0.00000 10.64778
3408.74734 8.84582 0.00000 10.65071
3411.00807 8.84880 0.00000 10.65363
3413.26880 8.85177 0.00000 10.65656
3415.52953 8.85473 0.00000 10.65947
3417.79026 8.85768 0.00000 10.66238
3420.05099 8.86063 0.00000 10.66529
3422.31172 8.86358 0.00000 10.66819
3424.57245 8.86654 0.00000 10.67110
3426.83318 8.86949 0.00000 10.67401
3429.09391 8.87242 0.00000 10.67690
3431.35464 8.87536 0.00000 10.67979
3433.61538 8.87829 0.00000 10.68268
3435.87611 8.88122 0.00000 10.68558
3438.13684 8.88416 0.00000 10.68847
3440.39757 8.88709 0.00000 10.69135
3442.65830 8.89000 0.00000 10.69423
3444.91903 8.89291 0.00000 10.69711
3447.17976 8.89582 0.00000 10.69998
3449.44049 8.89874 0.00000 10.70286
3451.70122 8.90165 0.00000 10.70573
3453.96195 8.90455 0.00000 10.70860
3456.22268 8.90744 0.00000 10.71146
3458.48341 8.91034 0.00000 10.71432
3460.74414 8.91323 0.00000 10.71718
3463.00487 8.91612 0.00000 10.72004
3465.26561 8.91902 0.00000 10.72289
3467.52634 8.92189 0.00000 10.72574
3469.78707 8.92476 0.00000 10.72858
3472.04780 8.92764 0.00000 10.73143
3474.30853 8.93051 0.00000 10.73427
3476.56926 8.93338 0.00000 10.73711
3478.82999 8.93625 0.00000 10.73995
3481.09072 8.93910 0.00000 10.74278
3483.35145 8.94196 0.00000 10.74561
3485.61218 8.94481 0.00000 10.74843
3487.87291 8.94767 0.00000 10.75126
3490.13364 8.95052 0.00000 10.75409
3492.39437 8.95336 0.00000 10.75691
3494.65511 8.95620 0.00000 10.75972
3496.91584 8.95903 0.00000 10.76253
3499.17657 8.96187 0.00000 10.76534
3501.43730 8.96470 0.00000 10.76815
3503.69803 8.96753 0.00000 10.77096
3505.95876 8.97035 0.00000 10.77376
3508.21949 8.97316 0.00000 10.77655
3510.48022 8.97598 0.00000 10.77935
3512.74095 8.97880 0.00000 10.78215
3515.00168 8.98161 0.00000 10.78494
3517.26241 8.98442 0.00000 10.78773
3519.52314 8.98722 0.00000 10.79051
3521.78387 8.99001 0.00000 10.79329
3524.04460 8.99281 0.00000 10.79608
3526.30534 8.99561 0.00000 10.79886
3528.56607 8.99841 0.00000 10.80164
3530.82680 9.00119 0.00000 10.80441
3533.08753 9.00396 0.00000 10.80717
3535.34826 9.00674 0.00000 10.80993
3537.60899 9.00952 0.00000 10.81270
3539.86972 9.01229 0.00000 10.81546
3542.13045 9.01507 0.00000 10.81822
3544.39118 9.01783 0.00000 10.82097
3546.65191 9.02059 0.00000 10.82372
3548.91264 9.02335 0.00000 10.82647
3551.17337 9.02611 0.00000 10.82922
3553.43410 9.02887 0.00000 10.83197
3555.69483 9.03162 0.00000 10.83471
3557.95557 9.03436 0.00000 10.83745
3560.21630 9.03710 0.00000 10.84018
3562.47703 9.03983 0.00000 10.84292
3564.73776 9.04257 0.00000 10.84565
3566.99849 9.04531 0.00000 10.84838
3569.25922 9.04804 0.00000 10.85110
3571.51995 9.05076 0.00000 10.85382
3573.78068 9.05348 0.00000 10.85654
3576.04141 9.05620 0.00000 10.85926
3578.30214 9.05892 0.00000 10.86197
3580.56287 9.06164 0.00000 10.86469
3582.82360 9.06434 0.00000 10.86739
3585.08433 9.06704 0.00000 10.87009
3587.34507 9.06974 0.00000 10.87279
3589.60580 9.07245 0.00000 10.87550
3591.86653 9.07515 0.00000 10.87820
3594.12726 9.07784 0.00000 10.88089
3596.38799 9.08053 0.00000 10.88358
3598.64872 9.08321 0.00000 10.88627
3600.90945 9.08590 0.00000 10.88896
3603.17018 9.08859 0.00000 10.89164
3605.43091 9.09127 0.00000 10.89433
3607.69164 9.09394 0.00000 10.89701
3609.95237 9.09661 0.00000 10.89968
3612.21310 9.09927 0.00000 10.90235
3614.47383 9.10194 0.00000 10.90503
3616.73456 9.10461 0.00000 10.90770
3618.99530 9.10727 0.00000 10.91037
3621.25603 9.10991 0.00000 10.91302
3623.51676 9.11256 0.00000 10.91568
3625.77749 9.11521 0.00000 10.91833
3628.03822 9.11785 0.00000 10.92098
3630.29895 9.12050 0.00000 10.92364
3632.55968 9.12314 0.00000 10.92629
3634.82041 9.12577 0.00000 10.92893
3637.08114 9.12840 0.00000 10.93157
3639.34187 9.13103 0.00000 10.93422
3641.60260 9.13366 0.00000 10.93686
3643.86333 9.13629 0.00000 10.93950
3646.12406 9.13891 0.00000 10.94213
3648.38479 9.14152 0.00000 10.94476
3650.64553 9.14413 0.00000 10.94738
3652.90626 9.14674 0.00000 10.95001
3655.16699 9.14935 0.00000 10.95263
3657.42772 9.15196 0.00000 10.95525
3659.68845 9.15455 0.00000 10.95786
3661.94918 9.15715 0.00000 10.96047
3664.20991 9.15974 0.00000 10.96308
3666.47064 9.16234 0.00000 10.96569
3668.73137 9.16494 0.00000 10.96830
3670.99210 9.16752 0.00000 10.97090
3673.25283 9.17009 0.00000 10.97350
3675.51356 9.17267 0.00000 10.97609
3677.77429 9.17525 0.00000 10.97869
3680.03503 9.17782 0.00000 10.98128
3682.29576 9.18040 0.00000 10.98388
3684.55649 9.18295 0.00000 10.98646
3686.81722 9.18551 0.00000 10.98904
3689.07795 9.18807 0.00000 10.99162
3691.33868 9.19063 0.00000 10.99420
3693.59941 9.19319 0.00000 10.99678
3695.86014 9.19574 0.00000 10.99935
3698.12087 9.19828 0.00000 11.00192
3700.38160 9.20082 0.00000 11.00448
3702.64233 9.20336 0.00000 11.00705
3704.90306 9.20590 0.00000 11.00961
3707.16379 9.20844 0.00000 11.01218
3709.42452 9.21097 0.00000 11.01473
3711.68526 9.21350 0.00000 11.01728
3713.94599 9.21602 0.00000 11.01983
3716.20672 9.21854 0.00000 11.02238
3718.46745 9.22107 0.00000 11.02493
3720.72818 9.22359 0.00000 11.02748
3722.98891 9.22610 0.00000 11.03001
3725.24964 9.22861 0.00000 11.03255
3727.51037 9.23111 0.00000 11.03508
3729.77110 9.23362 0.00000 11.03762
3732.03183 9.23613 0.00000 11.04015
3734.29256 9.23863 0.00000 11.04268
3736.55329 9.24111 0.00000 11.04520
3738.81402 9.24360 0.00000 11.04772
3741.07475 9.24609 0.00000 11.05024
3743.33549 9.24858 0.00000 11.05276
3745.59622 9.25107 0.00000 11.05528
3747.85695 9.25355 0.00000 11.05778
3750.11768 9.25602 0.00000 11.06029
3752.37841 9.25849 0.00000 11.06279
3754.63914 9.26096 0.00000 11.06530
3756.89987 9.26343 0.00000 11.06781
3759.16060 9.26590 0.00000 11.07031
3761.42133 9.26836 0.00000 11.07280
3763.68206 9.27081 0.00000 11.07529
3765.94279 9.27327 0.00000 11.07778
3768.20352 9.27572 0.00000 11.08027
3770.46425 9.27818 0.00000 11.08276
3772.72498 9.28063 0.00000 11.08524
3774.98572 9.28306 0.00000 11.08772
3777.24645 9.28550 0.00000 11.09020
3779.50718 9.28794 0.00000 11.09267
3781.76791 9.29038 0.00000 11.09515
3784.02864 9.29282 0.00000 11.09762
3786.28937 9.29525 0.00000 11.10008
3788.55010 9.29767 0.00000 11.10254
3790.81083 9.30009 0.00000 11.10500
3793.07156 9.30251 0.00000 11.10747
3795.33229 9.30493 0.00000 11.10993
3797.59302 9.30735 0.00000 11.11238
3799.85375 9.30976 0.00000 11.11483
3802.11448 9.31216 0.00000 11.11728
3804.37522 9.31456 0.00000 11.11972
3806.63595 9.31697 0.00000 11.12217
3808.89668 9.31937 0.00000 11.12462
3811.15741 9.32177 0.00000 11.12705
3813.41814 9.32416 0.00000 11.12948
3815.67887 9.32655 0.00000 11.13192
3817.93960 9.32894 0.00000 11.13435
3820.20033 9.33133 0.00000 11.13678
3822.46106 9.33372 0.00000 11.13921
3824.72179 9.33609 0.00000 11.14163
3826.98252 9.33846 0.00000 11.14404
3829.24325 9.34084 0.00000 11.14646
3831.50398 9.34321 0.00000 11.14887
3833.76471 9.34558 0.00000 11.15129
3836.02545 9.34795 0.00000 11.15370
3838.28618 9.35030 0.00000 11.15611
3840.54691 9.35266 0.00000 11.15851
3842.80764 9.35502 0.00000 11.16091
3845.06837 9.35737 0.00000 11.16331
3847.32910 9.35973 0.00000 11.16572
3849.58983 9.36208 0.00000 11.16811
3851.85056 9.36442 0.00000 11.17050
3854.11129 9.36676 0.00000 11.17289
3856.37202 9.36910 0.00000 11.17527
3858.63275 9.37144 0.00000 11.17766
3860.89348 9.37378 0.00000 11.18005
3863.15421 9.37610 0.00000 11.18242
3865.41494 9.37843 0.00000 11.18480
3867.67568 9.38075 0.00000 11.18717
3869.93641 9.38307 0.00000 11.18955
3872.19714 9.38540 0.00000 11.19192
3874.45787 9.38772 0.00000 11.19429
3876.71860 9.39003 0.00000 11.19665
3878.97933 9.39233 0.00000 11.19900
3881.24006 9.39464 0.00000 11.20136
3883.50079 9.39695 0.00000 11.20372
3885.76152 9.39926 0.00000 11.20608
3888.02225 9.40156 0.00000 11.20843
3890.28298 9.40385 0.00000 11.21077
3892.54371 9.40614 0.00000 11.21311
3894.80444 9.40843 0.00000 11.21546
3897.06518 9.41073 0.00000 11.21780
3899.32591 9.41302 0.00000 11.22014
3901.58664 9.41530 0.00000 11.22248
3903.84737 9.41757 0.00000 11.22481
3906.10810 9.41985 0.00000 11.22714
3908.36883 9.42213 0.00000 11.22947
3910.62956 9.42441 0.00000 11.23180
3912.89029 9.42668 0.00000 11.23413
3915.15102 9.42894 0.00000 11.23644
3917.41175 9.43120 0.00000 11.23876
3919.67248 9.43346 0.00000 11.24107
3921.93321 9.43572 0.00000 11.24339
3924.19394 9.43798 0.00000 11.24570
3926.45467 9.44023 0.00000 11.24801
3928.71541 9.44248 0.00000 11.25031
3930.97614 9.44473 0.00000 11.25261
3933.23687 9.44697 0.00000 11.25491
3935.49760 9.44922 0.00000 11.25721
3937.75833 9.45146 0.00000 11.25951
3940.01906 9.45369 0.00000 11.26180
3942.27979 9.45592 0.00000 11.26409
3944.54052 9.45815 0.00000 11.26638
3946.80125 9.46039 0.00000 11.26866
3949.06198 9.46262 0.00000 11.27095
3951.32271 9.46484 0.00000 11.27323
3953.58344 9.46706 0.00000 11.27550
3955.84417 9.46927 0.00000 11.27778
3958.10490 9.47149 0.00000 11.28005
3960.36564 9.47370 0.00000 11.28232
3962.62637 9.47592 0.00000 11.28460
3964.88710 9.47812 0.00000 11.28686
3967.14783 9.48032 0.00000 11.28911
3969.40856 9.48252 0.00000 11.29137
3971.66929 9.48472 0.00000 11.29363
3973.93002 9.48693 0.00000 11.29589
3976.19075 9.48912 0.00000 11.29815
3978.45148 9.49131 0.00000 11.30039
3980.71221 9.49349 0.00000 11.30264
3982.97294 9.49568 0.00000 11.30489
3985.23367 9.49787 0.00000 11.30713
3987.49440 9.50005 0.00000 11.30938
3989.75514 9.50223 0.00000 11.31162
3992.01587 9.50440 0.00000 11.31385
3994.27660 9.50658 0.00000 11.31608
3996.53733 9.50875 0.00000 11.31831
3998.79806 9.51092 0.00000 11.32054
4001.05879 9.51309 0.00000 11.32277
4003.31952 9.51525 0.00000 11.32499
4005.58025 9.51740 0.00000 11.32721
4007.84098 9.51956 0.00000 11.32942
4010.10171 9.52172 0.00000 11.33164
4012.36244 9.52387 0.00000 11.33386
4014.62317 9.52603 0.00000 11.33607
4016.88390 9.52817 0.00000 11.33828
4019.14463 9.53031 0.00000 11.34048
4021.40537 9.53245 0.00000 11.34268
4023.66610 9.53459 0.00000 11.34488
4025.92683 9.53674 0.00000 11.34709
4028.18756 9.53887 0.00000 11.34928
4030.44829 9.54100 0.00000 11.35147
4032.70902 9.54312 0.00000 11.35366
4034.96975 9.54525 0.00000 11.35586
4037.23048 9.54738 0.00000 11.35805
4039.49121 9.54951 0.00000 11.36024
4041.75194 9.55162 0.00000 11.36241
4044.01267 9.55373 0.00000 11.36459
4046.27340 9.55584 0.00000 11.36676
4048.53413 9.55795 0.00000 11.36893
4050.79486 9.56007 0.00000 11.37111
4053.05560 9.56217 0.00000 11.37328
4055.31633 9.56427 0.00000 11.37544
4057.57706 9.56637 0.00000 11.37760
4059.83779 9.56847 0.00000 11.37977
4062.09852 9.57057 0.00000 11.38193
4064.35925 9.57267 0.00000 11.38409
4066.61998 9.57476 0.00000 11.38625
4068.88071 9.57684 0.00000 11.38840
4071.14144 9.57893 0.00000 11.39054
4073.40217 9.58101 0.00000 11.39269
4075.66290 9.58310 0.00000 11.39484
4077.92363 9.58518 0.00000 11.39699
4080.18436 9.58726 0.00000 11.39913
4082.44510 9.58933 0.00000 11.40126
4084.70583 9.59140 0.00000 11.40340
4086.96656 9.59347 0.00000 11.40553
4089.22729 9.59554 0.00000 11.40767
4091.48802 9.59760 0.00000 11.40979
4093.74875 9.59966 0.00000 11.41191
4096.00948 9.60172 0.00000 11.41404
4098.27021 9.60378 0.00000 11.41616
4100.53094 9.60583 0.00000 11.41828
4102.79167 9.60789 0.00000 11.42040
4105.05240 9.60993 0.00000 11.42251
4107.31313 9.61198 0.00000 11.42462
4109.57386 9.61402 0.00000 11.42672
4111.83459 9.61606 0.00000 11.42883
4114.09533 9.61811 0.00000 11.43094
4116.35606 9.62015 0.00000 11.43305
4118.61679 9.62218 0.00000 11.43514
4120.87752 9.62420 0.00000 11.43723
4123.13825 9.62623 0.00000 11.43932
4125.39898 9.62826 0.00000 11.44142
4127.65971 9.63029 0.00000 11.44351
4129.92044 9.63231 0.00000 11.44560
4132.18117 9.63433 0.00000 11.44768
4134.44190 9.63634 0.00000 11.44976
4136.70263 9.63836 0.00000 11.45184
4138.96336 9.64038 0.00000 11.45392
4141.22409 9.64239 0.00000 11.45601
4143.48482 9.64440 0.00000 11.45807
4145.74556 9.64640 0.00000 11.46014
4148.00629 9.64840 0.00000 11.46220
4150.26702 9.65040 0.00000 11.46427
4152.52775 9.65240 0.00000 11.46634
4154.78848 9.65440 0.00000 11.46840
4157.04921 9.65639 0.00000 11.47045
4159.30994 9.65838 0.00000 11.47251
4161.57067 9.66037 0.00000 11.47457
4163.83140 9.66236 0.00000 11.47662
4166.09213 9.66434 0.00000 11.47868
4168.35286 9.66632 0.00000 11.48072
4170.61359 9.66830 0.00000 11.48276
4172.87432 9.67028 0.00000 11.48480
4175.13506 9.67226 0.00000 11.48684
4177.39579 9.67423 0.00000 11.48888
4179.65652 9.67621 0.00000 11.49092
4181.91725 9.67817 0.00000 11.49295
4184.17798 9.68013 0.00000 11.49497
4186.43871 9.68210 0.00000 11.49700
4188.69944 9.68406 0.00000 11.49903
4190.96017 9.68602 0.00000 11.50105
4193.22090 9.68798 0.00000 11.50308
4195.48163 9.68993 0.00000 11.50509
4197.74236 9.69188 0.00000 11.50710
4200.00309 9.69383 0.00000 11.50912
4202.26382 9.69578 0.00000 11.51113
4204.52455 9.69773 0.00000 11.51315
4206.78529 9.69967 0.00000 11.51515
4209.04602 9.70161 0.00000 11.51715
4211.30675 9.70354 0.00000 11.51915
4213.56748 9.70548 0.00000 11.52115
4215.82821 9.70742 0.00000 11.52315
4218.08894 9.70935 0.00000 11.52515
4220.34967 9.71128 0.00000 11.52714
4222.61040 9.71320 0.00000 11.52913
4224.87113 9.71513 0.00000 11.53112
4227.13186 9.71705 0.00000 11.53311
4229.39259 9.71897 0.00000 11.53509
4231.65332 9.72089 0.00000 11.53708
4233.91405 9.72280 0.00000 11.53905
4236.17478 9.72472 0.00000 11.54102
4238.43552 9.72663 0.00000 11.54300
4240.69625 9.72854 0.00000 11.54497
4242.95698 9.73045 0.00000 11.54694
4245.21771 9.73235 0.00000 11.54891
4247.47844 9.73425 0.00000 11.55087
4249.73917 9.73615 0.00000 11.55283
4251.99990 9.73805 0.00000 11.55479
4254.26063 9.73995 0.00000 11.55675
4256.52136 9.74185 0.00000 11.55871
4258.78209 9.74374 0.00000 11.56066
4261.04282 9.74562 0.00000 11.56261
4263.30355 9.74751 0.00000 11.56456
4265.56428 9.74940 0.00000 11.56651
4267.82502 9.75128 0.00000 11.56846
4270.08575 9.75317 0.00000 11.57040
4272.34648 9.75504 0.00000 11.57234
4274.60721 9.75691 0.00000 11.57427
4276.86794 9.75879 0.00000 11.57621
4279.12867 9.76066 0.00000 11.57814
4281.38940 9.76254 0.00000 11.58008
4283.65013 9.76440 0.00000 11.58200
4285.91086 9.76626 0.00000 11.58392
4288.17159 9.76813 0.00000 11.58585
4290.43232 9.76999 0.00000 11.58777
4292.69305 9.77185 0.00000 11.58969
4294.95378 9.77371 0.00000 11.59161
4297.21451 9.77556 0.00000 11.59352
4299.47525 9.77741 0.00000 11.59543
4301.73598 9.77926 0.00000 11.59734
4303.99671 9.78111 0.00000 11.59925
4306.25744 9.78296 0.00000 11.60116
4308.51817 9.78480 0.00000 11.60306
4310.77890 9.78664 0.00000 11.60496
4313.03963 9.78848 0.00000 11.60686
4315.30036 9.79032 0.00000 11.60876
4317.56109 9.79216 0.00000 11.61065
4319.82182 9.79400 0.00000 11.61255
4322.08255 9.79583 0.00000 11.61444
4324.34328 9.79765 0.00000 11.61632
4326.60401 9.79948 0.00000 11.61820
4328.86474 9.80131 0.00000 11.62009
4331.12548 9.80313 0.00000 11.62197
4333.38621 9.80496 0.00000 11.62385
4335.64694 9.80677 0.00000 11.62572
4337.90767 9.80859 0.00000 11.62760
4340.16840 9.81040 0.00000 11.62947
4342.42913 9.81222 0.00000 11.63134
4344.68986 9.81403 0.00000 11.63321
4346.95059 9.81584 0.00000 11.63508
4349.21132 9.81764 0.00000 11.63694
4351.47205 9.81944 0.00000 11.63880
4353.73278 9.82125 0.00000 11.64065
4355.99351 9.82305 0.00000 11.64251
4358.25424 9.82486 0.00000 11.64437
4360.51497 9.82665 0.00000 11.64622
4362.77571 9.82844 0.00000 11.64807
4365.03644 9.83023 0.00000 11.64991
4367.29717 9.83202 0.00000 11.65176
4369.55790 9.83381 0.00000 11.65360
4371.81863 9.83560 0.00000 11.65545
4374.07936 9.83738 0.00000 11.65728
4376.34009 9.83916 0.00000 11.65911
4378.60082 9.84094 0.00000 11.66094
4380.86155 9.84272 0.00000 11.66277
4383.12228 9.84450 0.00000 11.66461
4385.38301 9.84628 0.00000 11.66643
4387.64374 9.84805 0.00000 11.66825
4389.90447 9.84982 0.00000 11.67007
4392.16521 9.85159 0.00000 11.67189
4394.42594 9.85336 0.00000 11.67372
4396.68667 9.85513 0.00000 11.67554
4398.94740 9.85688 0.00000 11.67735
4401.20813 9.85864 0.00000 11.67916
4403.46886 9.86040 0.00000 11.68096
4405.72959 9.86216 0.00000 11.68277
4407.99032 9.86392 0.00000 11.68458
4410.25105 9.86567 0.00000 11.68639
4412.51178 9.86742 0.00000 11.68818
4414.77251 9.86916 0.00000 11.68998
4417.03324 9.87091 0.00000 11.69178
4419.29397 9.87266 0.00000 11.69357
4421.55470 9.87440 0.00000 11.69537
4423.81544 9.87614 0.00000 11.69716
4426.07617 9.87788 0.00000 11.69894
4428.33690 9.87962 0.00000 11.70072
4430.59763 9.88135 0.00000 11.70250
4432.85836 9.88309 0.00000 11.70429
4435.11909 9.88482 0.00000 11.70607
4437.37982 9.88655 0.00000 11.70784
4439.64055 9.88828 0.00000 11.70961
4441.90128 9.89000 0.00000 11.71138
4444.16201 9.89173 0.00000 11.71315
4446.42274 9.89345 0.00000 11.71493
4448.68347 9.89517 0.00000 11.71669
4450.94420 9.89689 0.00000 11.71845
4453.20493 9.89861 0.00000 11.72021
4455.46567 9.90032 0.00000 11.72197
4457.72640 9.90204 0.00000 11.72374
4459.98713 9.90376 0.00000 11.72550
4462.24786 9.90546 0.00000 11.72725
4464.50859 9.90717 0.00000 11.72899
4466.76932 9.90887 0.00000 11.73074
4469.03005 9.91058 0.00000 11.73249
4471.29078 9.91228 0.00000 11.73423
4473.55151 9.91398 0.00000 11.73598
4475.81224 9.91568 0.00000 11.73771
4478.07297 9.91737 0.00000 11.73945
4480.33370 9.91906 0.00000 11.74118
4482.59443 9.92075 0.00000 11.74291
4484.85517 9.92245 0.00000 11.74464
4487.11590 9.92413 0.00000 11.74637
4489.37663 9.92582 0.00000 11.74809
4491.63736 9.92750 0.00000 11.74982
4493.89809 9.92918 0.00000 11.75154
4496.15882 9.93087 0.00000 11.75326
4498.41955 9.93255 0.00000 11.75498
4500.68028 9.93422 0.00000 11.75670
4502.94101 9.93590 0.00000 11.75841
4505.20174 9.93757 0.00000 11.76012
4507.46247 9.93925 0.00000 11.76183
4509.72320 9.94092 0.00000 11.76354
4511.98393 9.94259 0.00000 11.76525
4514.24466 9.94426 0.00000 11.76695
4516.50540 9.94592 0.00000 11.76865
4518.76613 9.94758 0.00000 11.77035
4521.02686 9.94925 0.00000 11.77205
4523.28759 9.95091 0.00000 11.77374
4525.54832 9.95257 0.00000 11.77544
4527.80905 9.95422 0.00000 11.77712
4530.06978 9.95587 0.00000 11.77881
4532.33051 9.95753 0.00000 11.78050
4534.59124 9.95918 0.00000 11.78218
4536.85197 9.96083 0.00000 11.78387
4539.11270 9.96248 0.00000 11.78554
4541.37343 9.96412 0.00000 11.78722
4543.63416 9.96577 0.00000 11.78889
4545.89489 9.96741 0.00000 11.79056
4548.15563 9.96905 0.00000 11.79223
4550.41636 9.97070 0.00000 11.79390
4552.67709 9.97233 0.00000 11.79557
4554.93782 9.97396 0.00000 11.79723
4557.19855 9.97560 0.00000 11.79889
4559.45928 9.97723 0.00000 11.80056
4561.72001 9.97886 0.00000 11.80222
4563.98074 9.98049 0.00000 11.80388
4566.24147 9.98212 0.00000 11.80553
4568.50220 9.98374 0.00000 11.80718
4570.76293 9.98537 0.00000 11.80883
4573.02366 9.98699 0.00000 11.81047
4575.28439 9.98861 0.00000 11.81212
4577.54513 9.99023 0.00000 11.81376
4579.80586 9.99184 0.00000 11.81540
4582.06659 9.99346 0.00000 11.81704
4584.32732 9.99507 0.00000 11.81868
4586.58805 9.99668 0.00000 11.82032
4588.84878 9.99830 0.00000 11.82195
4591.10951 9.99990 0.00000 11.82358
4593.37024 10.00151 0.00000 11.82521
4595.63097 10.00312 0.00000 11.82683
4597.89170 10.00472 0.00000 11.82846
4600.15243 10.00633 0.00000 11.83009
4602.41316 10.00793 0.00000 11.83170
4604.67389 10.00952 0.00000 11.83332
4606.93462 10.01112 0.00000 11.83494
4609.19536 10.01271 0.00000 11.83655
4611.45609 10.01431 0.00000 11.83817
4613.71682 10.01590 0.00000 11.83978
4615.97755 10.01749 0.00000 11.84139
4618.23828 10.01908 0.00000 11.84299
4620.49901 10.02066 0.00000 11.84459
4622.75974 10.02225 0.00000 11.84620
4625.02047 10.02384 0.00000 11.84780
4627.28120 10.02542 0.00000 11.84940
4629.54193 10.02700 0.00000 11.85099
4631.80266 10.02858 0.00000 11.85258
4634.06339 10.03016 0.00000 11.85418
4636.32412 10.03174 0.00000 11.85577
4638.58485 10.03332 0.00000 11.85736
4640.84559 10.03489 0.00000 11.85895
4643.10632 10.03645 0.00000 11.86053
4645.36705 10.03802 0.00000 11.86211
4647.62778 10.03959 0.00000 11.86369
4649.88851 10.04116 0.00000 11.86527
4652.14924 10.04273 0.00000 11.86685
4654.40997 10.04429 0.00000 11.86841
4656.67070 10.04585 0.00000 11.86998
4658.93143 10.04741 0.00000 11.87155
4661.19216 10.04897 0.00000 11.87312
4663.45289 10.05053 0.00000 11.87469
4665.71362 10.05209 0.00000 11.87625
4667.97435 10.05364 0.00000 11.87781
4670.23509 10.05519 0.00000 11.87936
4672.49582 10.05674 0.00000 11.88092
4674.75655 10.05830 0.00000 11.88248
4677.01728 10.05985 0.00000 11.88404
4679.27801 10.06139 0.00000 11.88558
4681.53874 10.06294 0.00000 11.88713
4683.79947 10.06448 0.00000 11.88867
4686.06020 10.06602 0.00000 11.89022
4688.32093 10.06756 0.00000 11.89176
4690.58166 10.06911 0.00000 11.89331
4692.84239 10.07064 0.00000 11.89484
4695.10312 10.07217 0.00000 11.89637
4697.36385 10.07371 0.00000 11.89791
4699.62458 10.07524 0.00000 11.89944
4701.88532 10.07678 0.00000 11.90098
4704.14605 10.07831 0.00000 11.90251
4706.40678 10.07983 0.00000 11.90403
4708.66751 10.08136 0.00000 11.90555
4710.92824 10.08288 0.00000 11.90708
4713.18897 10.08441 0.00000 11.90860
4715.44970 10.08593 0.00000 11.91012
4717.71043 10.08745 0.00000 11.91164
4719.97116 10.08897 0.00000 11.91315
4722.23189 10.09049 0.00000 11.91466
4724.49262 10.09201 0.00000 11.91617
4726.75335 10.09353 0.00000 11.91768
4729.01408 10.09504 0.00000 11.91919
4731.27481 10.09655 0.00000 11.92069
4733.53555 10.09806 0.00000 11.92219
4735.79628 10.09957 0.00000 11.92369
4738.05701 10.10108 0.00000 11.92519
4740.31774 10.10259 0.00000 11.92669
4742.57847 10.10410 0.00000 11.92819
4744.83920 10.10560 0.00000 11.92968
4747.09993 10.10710 0.00000 11.93117
4749.36066 10.10860 0.00000 11.93266
4751.62139 10.11011 0.00000 11.93415
4753.88212 10.11161 0.00000 11.93564
4756.14285 10.11310 0.00000 11.93712
4758.40358 10.11460 0.00000 11.93859
4760.66431 10.11609 0.00000 11.94007
4762.92505 10.11758 0.00000 11.94155
4765.18578 10.11908 0.00000 11.94303
4767.44651 10.12057 0.00000 11.94450
4769.70724 10.12205 0.00000 11.94597
4771.96797 10.12354 0.00000 11.94744
4774.22870 10.12503 0.00000 11.94890
4776.48943 10.12651 0.00000 11.95037
4778.75016 10.12800 0.00000 11.95184
4781.01089 10.12948 0.00000 11.95330
4783.27162 10.13096 0.00000 11.95475
4785.53235 10.13244 0.00000 11.95621
4787.79308 10.13392 0.00000 11.95767
4790.05381 10.13540 0.00000 11.95912
4792.31454 10.13688 0.00000 11.96058
4794.57528 10.13835 0.00000 11.96202
4796.83601 10.13982 0.00000 11.96347
4799.09674 10.14129 0.00000 11.96491
4801.35747 10.14276 0.00000 11.96635
4803.61820 10.14423 0.00000 11.96780
4805.87893 10.14570 0.00000 11.96924
4808.13966 10.14716 0.00000 11.97067
4810.40039 10.14863 0.00000 11.97211
4812.66112 10.15009 0.00000 11.97354
4814.92185 10.15155 0.00000 11.97498
4817.18258 10.15302 0.00000 11.97641
4819.44331 10.15447 0.00000 11.97784
4821.70404 10.15593 0.00000 11.97926
4823.96477 10.15739 0.00000 11.98068
4826.22551 10.15884 0.00000 11.98211
4828.48624 10.16030 0.00000 11.98353
4830.74697 10.16176 0.00000 11.98495
4833.00770 10.16320 0.00000 11.98636
4835.26843 10.16465 0.00000 11.98778
4837.52916 10.16610 0.00000 11.98919
4839.78989 10.16755 0.00000 11.99060
4842.05062 10.16900 0.00000 11.99201
4844.31135 10.17045 0.00000 11.99342
4846.57208 10.17189 0.00000 11.99482
4848.83281 10.17334 0.00000 11.99622
4851.09354 10.17478 0.00000 11.99762
4853.35427 10.17622 0.00000 11.99903
4855.61501 10.17767 0.00000 12.00043
4857.87574 10.17911 0.00000 12.00182
4860.13647 10.18054 0.00000 12.00321
4862.39720 10.18198 0.00000 12.00460
4864.65793 10.18341 0.00000 12.00599
4866.91866 10.18485 0.00000 12.00738
4869.17939 10.18628 0.00000 12.00877
4871.44012 10.18771 0.00000 12.01015
4873.70085 10.18914 0.00000 12.01153
4875.96158 10.19056 0.00000 12.01291
4878.22231 10.19199 0.00000 12.01429
4880.48304 10.19342 0.00000 12.01567
4882.74377 10.19484 0.00000 12.01705
4885.00450 10.19626 0.00000 12.01841
4887.26524 10.19769 0.00000 12.01978
4889.52597 10.19911 0.00000 12.02115
4891.78670 10.20053 0.00000 12.02252
4894.04743 10.20195 0.00000 12.02389
4896.30816 10.20337 0.00000 12.02525
4898.56889 10.20478 0.00000 12.02661
4900.82962 10.20620 0.00000 12.02797
4903.09035 10.20762 0.00000 12.02933
4905.35108 10.20903 0.00000 12.03069
4907.61181 10.21045 0.00000 12.03204
4909.87254 10.21185 0.00000 12.03339
4912.13327 10.21326 0.00000 12.03474
4914.39400 10.21467 0.00000 12.03608
4916.65473 10.21608 0.00000 12.03743
4918.91547 10.21748 0.00000 12.03878
4921.17620 10.21889 0.00000 12.04012
4923.43693 10.22029 0.00000 12.04146
4925.69766 10.22170 0.00000 12.04280
4927.95839 10.22310 0.00000 12.04414
4930.21912 10.22451 0.00000 12.04548
4932.47985 10.22591 0.00000 12.04681
4934.74058 10.22731 0.00000 12.04814
4937.00131 10.22870 0.00000 12.04947
4939.26204 10.23010 0.00000 12.05080
4941.52277 10.23150 0.00000 12.05212
4943.78350 10.23289 0.00000 12.05345
4946.04423 10.23429 0.00000 12.05477
4948.30496 10.23568 0.00000 12.05609
4950.56570 10.23707 0.00000 12.05741
4952.82643 10.23846 0.00000 12.05872
4955.08716 10.23985 0.00000 12.06004
4957.34789 10.24124 0.00000 12.06136
4959.60862 10.24263 0.00000 12.06267
4961.86935 10.24401 0.00000 12.06397
4964.13008 10.24539 0.00000 12.06528
4966.39081 10.24678 0.00000 12.06658
4968.65154 10.24816 0.00000 12.06789
4970.91227 10.24955 0.00000 12.06919
4973.17300 10.25092 0.00000 12.07049
4975.43373 10.25230 0.00000 12.07178
4977.69446 10.25368 0.00000 12.07308
4979.95520 10.25506 0.00000 12.07437
4982.21593 10.25644 0.00000 12.07567
4984.47666 10.25781 0.00000 12.07696
4986.73739 10.25918 0.00000 12.07825
4988.99812 10.26056 0.00000 12.07953
4991.25885 10.26193 0.00000 12.08081
4993.51958 10.26330 0.00000 12.08210
4995.78031 10.26467 0.00000 12.08338
4998.04104 10.26604 0.00000 12.08466
5000.30177 10.26741 0.00000 12.08594
5002.56250 10.26877 0.00000 12.08721
5004.82323 10.27014 0.00000 12.08849
5007.08396 10.27151 0.00000 12.08976
5009.34469 10.27288 0.00000 12.09104
5011.60543 10.27424 0.00000 12.09230
5013.86616 10.27560 0.00000 12.09357
5016.12689 10.27696 0.00000 12.09483
5018.38762 10.27832 0.00000 12.09610
5020.64835 10.27968 0.00000 12.09736
5022.90908 10.28104 0.00000 12.09862
5025.16981 10.28239 0.00000 12.09988
5027.43054 10.28375 0.00000 12.10113
5029.69127 10.28511 0.00000 12.10239
5031.95200 10.28646 0.00000 12.10364
5034.21273 10.28782 0.00000 12.10490
5036.47346 10.28917 0.00000 12.10614
5038.73419 10.29052 0.00000 12.10739
5040.99492 10.29187 0.00000 12.10863
5043.25566 10.29322 0.00000 12.10988
5045.51639 10.29457 0.00000 12.11113
5047.77712 10.29592 0.00000 12.11237
5050.03785 10.29726 0.00000 12.11360
5052.29858 10.29861 0.00000 12.11484
5054.55931 10.29995 0.00000 12.11607
5056.82004 10.30130 0.00000 12.11730
5059.08077 10.30264 0.00000 12.11853
5061.34150 10.30398 0.00000 12.11976
5063.60223 10.30532 0.00000 12.12099
5065.86296 10.30667 0.00000 12.12221
5068.12369 10.30801 0.00000 12.12344
5070.38442 10.30935 0.00000 12.12466
5072.64516 10.31069 0.00000 12.12588
5074.90589 10.31202 0.00000 12.12710
5077.16662 10.31336 0.00000 12.12832
5079.42735 10.31469 0.00000 12.12953
5081.68808 10.31603 0.00000 12.13075
5083.94881 10.31736 0.00000 12.13196
5086.20954 10.31869 0.00000 12.13318
5088.47027 10.32002 0.00000 12.13438
5090.73100 10.32136 0.00000 12.13559
5092.99173 10.32269 0.00000 12.13679
5095.25246 10.32402 0.00000 12.13800
5097.51319 10.32535 0.00000 12.13920
5099.77392 10.32667 0.00000 12.14040
5102.03465 10.32800 0.00000 12.14159
5104.29539 10.32932 0.00000 12.14279
5106.55612 10.33065 0.00000 12.14398
5108.81685 10.33198 0.00000 12.14518
5111.07758 10.33330 0.00000 12.14637
5113.33831 10.33462 0.00000 12.14756
5115.59904 10.33594 0.00000 12.14874
5117.85977 10.33727 0.00000 12.14993
5120.12050 10.33859 0.00000 12.15111
5122.38123 10.33991 0.00000 12.15230
5124.64196 10.34123 0.00000 12.15348
5126.90269 10.34255 0.00000 12.15465
5129.16342 10.34386 0.00000 12.15583
5131.42415 10.34518 0.00000 12.15700
5133.68488 10.34650 0.00000 12.15818
5135.94562 10.34781 0.00000 12.15935
5138.20635 10.34913 0.00000 12.16052
5140.46708 10.35044 0.00000 12.16169
5142.72781 10.35175 0.00000 12.16285
5144.98854 10.35306 0.00000 12.16402
5147.24927 10.35438 0.00000 12.16518
5149.51000 10.35569 0.00000 12.16635
