42.0000 12.0000 
-25.0000 -17.0000 
-14.3700 -7.9500 
-139.9699 -29.3722 
-28.0000 38.0000 
-113.0000 27.0000 
164.7017 -67.3982
-60.0000 30.0000 
3.3500 -53.9300 
-135.6000 53.5000 
-17.0000 28.0000 
-24.0000 15.0000 
-6.1500 -13.0000 
166.0000 5.0000 
44.0000 -12.0000 
45.0000 -46.2500 
-109.4500 -27.1200 
6.8500 50.1700 
-32.0000 -4.0000 
-86.1500 0.7920 
-155.0000 20.0000 
6.0000 23.0000 
-20.0000 64.0000 
24.2700 12.9500 
-128.0000 46.0000 
-79.0000 -34.0000 
63.0000 -49.0000 
36.0000 -3.0000 
-116.7000 -26.3000 
-138.1000 -50.9000 
-140.2600 -28.9900 
-17.0000 33.0000
37.7500 -46.9000 
-137.5000 -7.5000 
-153.5000 -21.0000 
9.1700 4.2030 
167.1700 -77.5300 
-120.3000 -10.0000 
-130.1000 -24.1000 
-104.0800 36.4200 
55.7130 -21.2290 
77.5300 -38.7200 
-109.0000 -27.0000 
-169.6000 -14.2000 
-80.1200 -26.2700 
-147.9819 -18.0925 
-149.5000 -17.6000
150.5000 -40.4000
17.0000 21.0000 
-29.3310 -20.5140 
-12.2800 -37.0920 
16.0000 -32.0000 
-110.6700 44.4300 
-28.5000 29.3400 
48.4000 -53.4000 
159.7500 -34.6740