5153.900   11.0914    3.4385   12.7037
5204.610   11.1036    3.4488   12.7289
5255.320   11.1153    3.4587   12.7530
5306.040   11.1265    3.4681   12.7760
5356.750   11.1371    3.4770   12.7980
5407.460   11.1472    3.4856   12.8188
5458.170   11.1568    3.4937   12.8387
5508.890   11.1659    3.5013   12.8574
5559.600   11.1745    3.5085   12.8751
5610.310   11.1825    3.5153   12.8917
5661.020   11.1901    3.5217   12.9072
5711.740   11.1971    3.5276   12.9217
5762.450   11.2036    3.5330   12.9351
5813.160   11.2095    3.5381   12.9474
5863.870   11.2150    3.5427   12.9586
5914.590   11.2199    3.5468   12.9688
5965.300   11.2243    3.5505   12.9779
6016.010   11.2282    3.5538   12.9859
6066.720   11.2316    3.5567   12.9929
6117.440   11.2345    3.5591   12.9988
6168.150   11.2368    3.5610   13.0036
6218.860   11.2386    3.5626   13.0074
6269.570   11.2399    3.5637   13.0100
6320.290   11.2407    3.5643   13.0117
6371.000 11.2409 3.5645 13.0122