2889.000    8.0088    0.0000    9.9145
2939.330    8.0963    0.0000    9.9942
2989.660    8.1821    0.0000   10.0722
3039.990    8.2662    0.0000   10.1485
3090.320    8.3486    0.0000   10.2233
3140.660    8.4293    0.0000   10.2964
3190.990    8.5083    0.0000   10.3679
3241.320    8.5856    0.0000   10.4378
3291.650    8.6611    0.0000   10.5062
3341.980    8.7350    0.0000   10.5731
3392.310    8.8072    0.0000   10.6385
3442.640    8.8776    0.0000   10.7023
3492.970    8.9464    0.0000   10.7647
3543.300    9.0134    0.0000   10.8257
3593.640    9.0787    0.0000   10.8852
3643.970    9.1424    0.0000   10.9434
3694.300    9.2043    0.0000   11.0001
3744.630    9.2645    0.0000   11.0555
3794.960    9.3230    0.0000   11.1095
3845.290    9.3798    0.0000   11.1623
3895.620    9.4349    0.0000   11.2137
3945.950    9.4883    0.0000   11.2639
3996.280    9.5400    0.0000   11.3127
4046.620    9.5900    0.0000   11.3604
4096.950    9.6383    0.0000   11.4069
4147.280    9.6848    0.0000   11.4521
4197.610    9.7297    0.0000   11.4962
4247.940    9.7728    0.0000   11.5391
4298.270    9.8143    0.0000   11.5809
4348.600    9.8540    0.0000   11.6216
4398.930    9.8920    0.0000   11.6612
4449.260    9.9284    0.0000   11.6998
4499.600    9.9630    0.0000   11.7373
4549.930    9.9959    0.0000   11.7737
4600.260   10.0271    0.0000   11.8092
4650.590   10.0566    0.0000   11.8437
4700.920   10.0844    0.0000   11.8772
4751.250   10.1105    0.0000   11.9098
4801.580   10.1349    0.0000   11.9414
4851.910   10.1576    0.0000   11.9722
4902.240   10.1785    0.0000   12.0021
4952.580   10.1978    0.0000   12.0311
5002.910   10.2154    0.0000   12.0593
5053.240   10.2312    0.0000   12.0867
5103.570   10.2454    0.0000   12.1133
5153.900   10.2578    0.0000   12.1391