 5149.50    11.02827   3.50432  12.76360     445.0      85.0
 5171.00    11.03643   3.51002  12.77493     445.0      85.0
 5271.00    11.07249   3.53522  12.82501     443.0      85.0
 5371.00    11.10542   3.55823  12.87073     440.0      85.0
 5471.00    11.13521   3.57905  12.91211     439.0      85.0
 5571.00    11.16186   3.59767  12.94912     437.0      85.0
 5671.00    11.18538   3.61411  12.98178     436.0      85.0
 5771.00    11.20576   3.62835  13.01009     434.0      85.0
 5871.00    11.22301   3.64041  13.03404     433.0      85.0
 5971.00    11.23712   3.65027  13.05364     432.0      85.0
 6071.00    11.24809   3.65794  13.06888     432.0      85.0
 6171.00    11.25593   3.66342  13.07977     431.0      85.0
 6271.00    11.26064   3.66670  13.08630     431.0      85.0
 6371.00    11.26220   3.66780  13.08848     431.0      85.0