 2891.00     8.06482   0.00000   9.90349   57822.0       0.0
 2971.00     8.19939   0.00000  10.02940   57822.0       0.0
 3071.00     8.36019   0.00000  10.18134   57822.0       0.0
 3171.00     8.51298   0.00000  10.32726   57822.0       0.0
 3271.00     8.65805   0.00000  10.46727   57822.0       0.0
 3371.00     8.79573   0.00000  10.60152   57822.0       0.0
 3471.00     8.92632   0.00000  10.73012   57822.0       0.0
 3571.00     9.05015   0.00000  10.85321   57822.0       0.0
 3671.00     9.16752   0.00000  10.97091   57822.0       0.0
 3771.00     9.27867   0.00000  11.08335   57822.0       0.0
 3871.00     9.38418   0.00000  11.19067   57822.0       0.0
 3971.00     9.48409   0.00000  11.29298   57822.0       0.0
 4071.00     9.57881   0.00000  11.39042   57822.0       0.0
 4171.00     9.66865   0.00000  11.48311   57822.0       0.0
 4271.00     9.75393   0.00000  11.57119   57822.0       0.0
 4371.00     9.83496   0.00000  11.65478   57822.0       0.0
 4471.00     9.91206   0.00000  11.73401   57822.0       0.0
 4571.00     9.98554   0.00000  11.80900   57822.0       0.0
 4671.00    10.05572   0.00000  11.87990   57822.0       0.0
 4771.00    10.12291   0.00000  11.94682   57822.0       0.0
 4871.00    10.18743   0.00000  12.00989   57822.0       0.0
 4971.00    10.24959   0.00000  12.06924   57822.0       0.0
 5071.00    10.30971   0.00000  12.12500   57822.0       0.0
 5149.50    10.35568   0.00000  12.16634   57822.0       0.0