5149.50000 11.02827 3.50432 12.76360
5150.72272 11.02873 3.50464 12.76424
5151.94545 11.02920 3.50497 12.76489
5153.16817 11.02966 3.50529 12.76553
5154.39089 11.03013 3.50562 12.76618
5155.61361 11.03059 3.50594 12.76682
5156.83634 11.03105 3.50626 12.76747
5158.05906 11.03152 3.50659 12.76811
5159.28178 11.03198 3.50691 12.76875
5160.50450 11.03245 3.50724 12.76940
5161.72723 11.03291 3.50756 12.77004
5162.94995 11.03337 3.50789 12.77069
5164.17267 11.03384 3.50821 12.77133
5165.39540 11.03430 3.50853 12.77198
5166.61812 11.03477 3.50886 12.77262
5167.84084 11.03523 3.50918 12.77327
5169.06356 11.03570 3.50951 12.77391
5170.28629 11.03616 3.50983 12.77455
5171.50901 11.03661 3.51015 12.77518
5172.73173 11.03705 3.51046 12.77580
5173.95445 11.03750 3.51076 12.77641
5175.17718 11.03794 3.51107 12.77702
5176.39990 11.03838 3.51138 12.77763
5177.62262 11.03882 3.51169 12.77825
5178.84535 11.03926 3.51200 12.77886
5180.06807 11.03970 3.51231 12.77947
5181.29079 11.04014 3.51261 12.78008
5182.51351 11.04058 3.51292 12.78070
5183.73624 11.04102 3.51323 12.78131
5184.95896 11.04146 3.51354 12.78192
5186.18168 11.04190 3.51385 12.78253
5187.40440 11.04235 3.51415 12.78315
5188.62713 11.04279 3.51446 12.78376
5189.84985 11.04323 3.51477 12.78437
5191.07257 11.04367 3.51508 12.78498
5192.29530 11.04411 3.51539 12.78559
5193.51802 11.04455 3.51569 12.78621
5194.74074 11.04499 3.51600 12.78682
5195.96346 11.04543 3.51631 12.78743
5197.18619 11.04587 3.51662 12.78804
5198.40891 11.04631 3.51693 12.78866
5199.63163 11.04675 3.51724 12.78927
5200.85435 11.04720 3.51754 12.78988
5202.07708 11.04764 3.51785 12.79049
5203.29980 11.04808 3.51816 12.79111
5204.52252 11.04852 3.51847 12.79172
5205.74525 11.04896 3.51878 12.79233
5206.96797 11.04940 3.51908 12.79294
5208.19069 11.04984 3.51939 12.79356
5209.41341 11.05028 3.51970 12.79417
5210.63614 11.05072 3.52001 12.79478
5211.85886 11.05116 3.52032 12.79539
5213.08158 11.05160 3.52062 12.79600
5214.30430 11.05205 3.52093 12.79662
5215.52703 11.05249 3.52124 12.79723
5216.74975 11.05293 3.52155 12.79784
5217.97247 11.05337 3.52186 12.79845
5219.19520 11.05381 3.52217 12.79907
5220.41792 11.05425 3.52247 12.79968
5221.64064 11.05469 3.52278 12.80029
5222.86336 11.05513 3.52309 12.80090
5224.08609 11.05557 3.52340 12.80152
5225.30881 11.05601 3.52371 12.80213
5226.53153 11.05645 3.52401 12.80274
5227.75425 11.05690 3.52432 12.80335
5228.97698 11.05734 3.52463 12.80396
5230.19970 11.05778 3.52494 12.80458
5231.42242 11.05822 3.52525 12.80519
5232.64515 11.05866 3.52555 12.80580
5233.86787 11.05910 3.52586 12.80641
5235.09059 11.05954 3.52617 12.80703
5236.31331 11.05998 3.52648 12.80764
5237.53604 11.06042 3.52679 12.80825
5238.75876 11.06086 3.52710 12.80886
5239.98148 11.06130 3.52740 12.80948
5241.20420 11.06175 3.52771 12.81009
5242.42693 11.06219 3.52802 12.81070
5243.64965 11.06263 3.52833 12.81131
5244.87237 11.06307 3.52864 12.81193
5246.09510 11.06351 3.52894 12.81254
5247.31782 11.06395 3.52925 12.81315
5248.54054 11.06439 3.52956 12.81376
5249.76326 11.06483 3.52987 12.81437
5250.98599 11.06527 3.53018 12.81499
5252.20871 11.06571 3.53048 12.81560
5253.43143 11.06615 3.53079 12.81621
5254.65415 11.06660 3.53110 12.81682
5255.87688 11.06704 3.53141 12.81744
5257.09960 11.06748 3.53172 12.81805
5258.32232 11.06792 3.53203 12.81866
5259.54505 11.06836 3.53233 12.81927
5260.76777 11.06880 3.53264 12.81989
5261.99049 11.06924 3.53295 12.82050
5263.21321 11.06968 3.53326 12.82111
5264.43594 11.07012 3.53357 12.82172
5265.65866 11.07056 3.53387 12.82234
5266.88138 11.07100 3.53418 12.82295
5268.10410 11.07145 3.53449 12.82356
5269.32683 11.07189 3.53480 12.82417
5270.54955 11.07233 3.53511 12.82478
5271.77227 11.07274 3.53540 12.82536
5272.99499 11.07315 3.53568 12.82592
5274.21772 11.07355 3.53596 12.82648
5275.44044 11.07395 3.53624 12.82704
5276.66316 11.07435 3.53652 12.82760
5277.88589 11.07476 3.53680 12.82816
5279.10861 11.07516 3.53709 12.82872
5280.33133 11.07556 3.53737 12.82928
5281.55405 11.07597 3.53765 12.82984
5282.77678 11.07637 3.53793 12.83039
5283.99950 11.07677 3.53821 12.83095
5285.22222 11.07717 3.53849 12.83151
5286.44494 11.07758 3.53877 12.83207
5287.66767 11.07798 3.53906 12.83263
5288.89039 11.07838 3.53934 12.83319
5290.11311 11.07878 3.53962 12.83375
5291.33584 11.07919 3.53990 12.83431
5292.55856 11.07959 3.54018 12.83487
5293.78128 11.07999 3.54046 12.83543
5295.00400 11.08039 3.54074 12.83598
5296.22673 11.08080 3.54102 12.83654
5297.44945 11.08120 3.54131 12.83710
5298.67217 11.08160 3.54159 12.83766
5299.89489 11.08201 3.54187 12.83822
5301.11762 11.08241 3.54215 12.83878
5302.34034 11.08281 3.54243 12.83934
5303.56306 11.08321 3.54271 12.83990
5304.78579 11.08362 3.54299 12.84046
5306.00851 11.08402 3.54328 12.84102
5307.23123 11.08442 3.54356 12.84157
5308.45395 11.08482 3.54384 12.84213
5309.67668 11.08523 3.54412 12.84269
5310.89940 11.08563 3.54440 12.84325
5312.12212 11.08603 3.54468 12.84381
5313.34484 11.08643 3.54496 12.84437
5314.56757 11.08684 3.54524 12.84493
5315.79029 11.08724 3.54553 12.84549
5317.01301 11.08764 3.54581 12.84605
5318.23574 11.08804 3.54609 12.84661
5319.45846 11.08845 3.54637 12.84717
5320.68118 11.08885 3.54665 12.84772
5321.90390 11.08925 3.54693 12.84828
5323.12663 11.08966 3.54721 12.84884
5324.34935 11.09006 3.54750 12.84940
5325.57207 11.09046 3.54778 12.84996
5326.79479 11.09086 3.54806 12.85052
5328.01752 11.09127 3.54834 12.85108
5329.24024 11.09167 3.54862 12.85164
5330.46296 11.09207 3.54890 12.85220
5331.68569 11.09247 3.54918 12.85276
5332.90841 11.09288 3.54947 12.85331
5334.13113 11.09328 3.54975 12.85387
5335.35385 11.09368 3.55003 12.85443
5336.57658 11.09408 3.55031 12.85499
5337.79930 11.09449 3.55059 12.85555
5339.02202 11.09489 3.55087 12.85611
5340.24474 11.09529 3.55115 12.85667
5341.46747 11.09569 3.55143 12.85723
5342.69019 11.09610 3.55172 12.85779
5343.91291 11.09650 3.55200 12.85835
5345.13564 11.09690 3.55228 12.85890
5346.35836 11.09731 3.55256 12.85946
5347.58108 11.09771 3.55284 12.86002
5348.80380 11.09811 3.55312 12.86058
5350.02653 11.09851 3.55340 12.86114
5351.24925 11.09892 3.55369 12.86170
5352.47197 11.09932 3.55397 12.86226
5353.69469 11.09972 3.55425 12.86282
5354.91742 11.10012 3.55453 12.86338
5356.14014 11.10053 3.55481 12.86394
5357.36286 11.10093 3.55509 12.86450
5358.58559 11.10133 3.55537 12.86505
5359.80831 11.10173 3.55565 12.86561
5361.03103 11.10214 3.55594 12.86617
5362.25375 11.10254 3.55622 12.86673
5363.47648 11.10294 3.55650 12.86729
5364.69920 11.10335 3.55678 12.86785
5365.92192 11.10375 3.55706 12.86841
5367.14464 11.10415 3.55734 12.86897
5368.36737 11.10455 3.55762 12.86953
5369.59009 11.10496 3.55791 12.87009
5370.81281 11.10536 3.55819 12.87064
5372.03554 11.10573 3.55845 12.87116
5373.25826 11.10609 3.55870 12.87166
5374.48098 11.10646 3.55895 12.87217
5375.70370 11.10682 3.55921 12.87268
5376.92643 11.10719 3.55946 12.87318
5378.14915 11.10755 3.55972 12.87369
5379.37187 11.10791 3.55997 12.87419
5380.59459 11.10828 3.56023 12.87470
5381.81732 11.10864 3.56048 12.87521
5383.04004 11.10901 3.56074 12.87571
5384.26276 11.10937 3.56099 12.87622
5385.48549 11.10974 3.56125 12.87672
5386.70821 11.11010 3.56150 12.87723
5387.93093 11.11046 3.56176 12.87774
5389.15365 11.11083 3.56201 12.87824
5390.37638 11.11119 3.56226 12.87875
5391.59910 11.11156 3.56252 12.87925
5392.82182 11.11192 3.56277 12.87976
5394.04454 11.11228 3.56303 12.88027
5395.26727 11.11265 3.56328 12.88077
5396.48999 11.11301 3.56354 12.88128
5397.71271 11.11338 3.56379 12.88178
5398.93544 11.11374 3.56405 12.88229
5400.15816 11.11411 3.56430 12.88280
5401.38088 11.11447 3.56456 12.88330
5402.60360 11.11483 3.56481 12.88381
5403.82633 11.11520 3.56506 12.88431
5405.04905 11.11556 3.56532 12.88482
5406.27177 11.11593 3.56557 12.88533
5407.49449 11.11629 3.56583 12.88583
5408.71722 11.11666 3.56608 12.88634
5409.93994 11.11702 3.56634 12.88684
5411.16266 11.11738 3.56659 12.88735
5412.38539 11.11775 3.56685 12.88786
5413.60811 11.11811 3.56710 12.88836
5414.83083 11.11848 3.56736 12.88887
5416.05355 11.11884 3.56761 12.88937
5417.27628 11.11921 3.56786 12.88988
5418.49900 11.11957 3.56812 12.89039
5419.72172 11.11993 3.56837 12.89089
5420.94444 11.12030 3.56863 12.89140
5422.16717 11.12066 3.56888 12.89190
5423.38989 11.12103 3.56914 12.89241
5424.61261 11.12139 3.56939 12.89291
5425.83534 11.12176 3.56965 12.89342
5427.05806 11.12212 3.56990 12.89393
5428.28078 11.12248 3.57016 12.89443
5429.50350 11.12285 3.57041 12.89494
5430.72623 11.12321 3.57067 12.89544
5431.94895 11.12358 3.57092 12.89595
5433.17167 11.12394 3.57117 12.89646
5434.39439 11.12431 3.57143 12.89696
5435.61712 11.12467 3.57168 12.89747
5436.83984 11.12503 3.57194 12.89797
5438.06256 11.12540 3.57219 12.89848
5439.28529 11.12576 3.57245 12.89899
5440.50801 11.12613 3.57270 12.89949
5441.73073 11.12649 3.57296 12.90000
5442.95345 11.12685 3.57321 12.90050
5444.17618 11.12722 3.57347 12.90101
5445.39890 11.12758 3.57372 12.90152
5446.62162 11.12795 3.57397 12.90202
5447.84434 11.12831 3.57423 12.90253
5449.06707 11.12868 3.57448 12.90303
5450.28979 11.12904 3.57474 12.90354
5451.51251 11.12940 3.57499 12.90405
5452.73524 11.12977 3.57525 12.90455
5453.95796 11.13013 3.57550 12.90506
5455.18068 11.13050 3.57576 12.90556
5456.40340 11.13086 3.57601 12.90607
5457.62613 11.13123 3.57627 12.90658
5458.84885 11.13159 3.57652 12.90708
5460.07157 11.13195 3.57677 12.90759
5461.29429 11.13232 3.57703 12.90809
5462.51702 11.13268 3.57728 12.90860
5463.73974 11.13305 3.57754 12.90911
5464.96246 11.13341 3.57779 12.90961
5466.18519 11.13378 3.57805 12.91012
5467.40791 11.13414 3.57830 12.91062
5468.63063 11.13450 3.57856 12.91113
5469.85335 11.13487 3.57881 12.91164
5471.07608 11.13523 3.57906 12.91214
5472.29880 11.13556 3.57929 12.91259
5473.52152 11.13588 3.57952 12.91304
5474.74424 11.13621 3.57975 12.91350
5475.96697 11.13653 3.57997 12.91395
5477.18969 11.13686 3.58020 12.91440
5478.41241 11.13719 3.58043 12.91485
5479.63514 11.13751 3.58066 12.91531
5480.85786 11.13784 3.58089 12.91576
5482.08058 11.13816 3.58111 12.91621
5483.30330 11.13849 3.58134 12.91666
5484.52603 11.13881 3.58157 12.91712
5485.74875 11.13914 3.58180 12.91757
5486.97147 11.13947 3.58202 12.91802
5488.19419 11.13979 3.58225 12.91847
5489.41692 11.14012 3.58248 12.91893
5490.63964 11.14044 3.58271 12.91938
5491.86236 11.14077 3.58293 12.91983
5493.08509 11.14110 3.58316 12.92028
5494.30781 11.14142 3.58339 12.92074
5495.53053 11.14175 3.58362 12.92119
5496.75325 11.14207 3.58385 12.92164
5497.97598 11.14240 3.58407 12.92209
5499.19870 11.14272 3.58430 12.92255
5500.42142 11.14305 3.58453 12.92300
5501.64414 11.14338 3.58476 12.92345
5502.86687 11.14370 3.58498 12.92390
5504.08959 11.14403 3.58521 12.92436
5505.31231 11.14435 3.58544 12.92481
5506.53504 11.14468 3.58567 12.92526
5507.75776 11.14501 3.58589 12.92571
5508.98048 11.14533 3.58612 12.92617
5510.20320 11.14566 3.58635 12.92662
5511.42593 11.14598 3.58658 12.92707
5512.64865 11.14631 3.58680 12.92752
5513.87137 11.14664 3.58703 12.92798
5515.09409 11.14696 3.58726 12.92843
5516.31682 11.14729 3.58749 12.92888
5517.53954 11.14761 3.58772 12.92933
5518.76226 11.14794 3.58794 12.92979
5519.98498 11.14826 3.58817 12.93024
5521.20771 11.14859 3.58840 12.93069
5522.43043 11.14892 3.58863 12.93114
5523.65315 11.14924 3.58885 12.93160
5524.87588 11.14957 3.58908 12.93205
5526.09860 11.14989 3.58931 12.93250
5527.32132 11.15022 3.58954 12.93295
5528.54404 11.15055 3.58976 12.93341
5529.76677 11.15087 3.58999 12.93386
5530.98949 11.15120 3.59022 12.93431
5532.21221 11.15152 3.59045 12.93476
5533.43493 11.15185 3.59068 12.93522
5534.65766 11.15217 3.59090 12.93567
5535.88038 11.15250 3.59113 12.93612
5537.10310 11.15283 3.59136 12.93657
5538.32583 11.15315 3.59159 12.93703
5539.54855 11.15348 3.59181 12.93748
5540.77127 11.15380 3.59204 12.93793
5541.99399 11.15413 3.59227 12.93838
5543.21672 11.15446 3.59250 12.93884
5544.43944 11.15478 3.59272 12.93929
5545.66216 11.15511 3.59295 12.93974
5546.88488 11.15543 3.59318 12.94019
5548.10761 11.15576 3.59341 12.94065
5549.33033 11.15609 3.59364 12.94110
5550.55305 11.15641 3.59386 12.94155
5551.77578 11.15674 3.59409 12.94201
5552.99850 11.15706 3.59432 12.94246
5554.22122 11.15739 3.59455 12.94291
5555.44394 11.15771 3.59477 12.94336
5556.66667 11.15804 3.59500 12.94382
5557.88939 11.15837 3.59523 12.94427
5559.11211 11.15869 3.59546 12.94472
5560.33483 11.15902 3.59568 12.94517
5561.55756 11.15934 3.59591 12.94563
5562.78028 11.15967 3.59614 12.94608
5564.00300 11.16000 3.59637 12.94653
5565.22573 11.16032 3.59659 12.94698
5566.44845 11.16065 3.59682 12.94744
5567.67117 11.16097 3.59705 12.94789
5568.89389 11.16130 3.59728 12.94834
5570.11662 11.16162 3.59751 12.94879
5571.33934 11.16194 3.59773 12.94923
5572.56206 11.16223 3.59793 12.94963
5573.78478 11.16251 3.59813 12.95003
5575.00751 11.16280 3.59833 12.95043
5576.23023 11.16309 3.59853 12.95083
5577.45295 11.16338 3.59873 12.95123
5578.67568 11.16367 3.59893 12.95163
5579.89840 11.16395 3.59913 12.95203
5581.12112 11.16424 3.59933 12.95243
5582.34384 11.16453 3.59953 12.95282
5583.56657 11.16482 3.59974 12.95322
5584.78929 11.16510 3.59994 12.95362
5586.01201 11.16539 3.60014 12.95402
5587.23473 11.16568 3.60034 12.95442
5588.45746 11.16597 3.60054 12.95482
5589.68018 11.16625 3.60074 12.95522
5590.90290 11.16654 3.60094 12.95562
5592.12563 11.16683 3.60114 12.95602
5593.34835 11.16712 3.60134 12.95642
5594.57107 11.16740 3.60155 12.95682
5595.79379 11.16769 3.60175 12.95722
5597.01652 11.16798 3.60195 12.95762
5598.23924 11.16827 3.60215 12.95802
5599.46196 11.16855 3.60235 12.95842
5600.68468 11.16884 3.60255 12.95882
5601.90741 11.16913 3.60275 12.95921
5603.13013 11.16942 3.60295 12.95961
5604.35285 11.16970 3.60315 12.96001
5605.57558 11.16999 3.60335 12.96041
5606.79830 11.17028 3.60356 12.96081
5608.02102 11.17057 3.60376 12.96121
5609.24374 11.17085 3.60396 12.96161
5610.46647 11.17114 3.60416 12.96201
5611.68919 11.17143 3.60436 12.96241
5612.91191 11.17172 3.60456 12.96281
5614.13463 11.17201 3.60476 12.96321
5615.35736 11.17229 3.60496 12.96361
5616.58008 11.17258 3.60516 12.96401
5617.80280 11.17287 3.60536 12.96441
5619.02553 11.17316 3.60557 12.96481
5620.24825 11.17344 3.60577 12.96520
5621.47097 11.17373 3.60597 12.96560
5622.69369 11.17402 3.60617 12.96600
5623.91642 11.17431 3.60637 12.96640
5625.13914 11.17459 3.60657 12.96680
5626.36186 11.17488 3.60677 12.96720
5627.58458 11.17517 3.60697 12.96760
5628.80731 11.17546 3.60717 12.96800
5630.03003 11.17574 3.60737 12.96840
5631.25275 11.17603 3.60758 12.96880
5632.47548 11.17632 3.60778 12.96920
5633.69820 11.17661 3.60798 12.96960
5634.92092 11.17689 3.60818 12.97000
5636.14364 11.17718 3.60838 12.97040
5637.36637 11.17747 3.60858 12.97080
5638.58909 11.17776 3.60878 12.97119
5639.81181 11.17804 3.60898 12.97159
5641.03453 11.17833 3.60918 12.97199
5642.25726 11.17862 3.60938 12.97239
5643.47998 11.17891 3.60959 12.97279
5644.70270 11.17919 3.60979 12.97319
5645.92543 11.17948 3.60999 12.97359
5647.14815 11.17977 3.61019 12.97399
5648.37087 11.18006 3.61039 12.97439
5649.59359 11.18035 3.61059 12.97479
5650.81632 11.18063 3.61079 12.97519
5652.03904 11.18092 3.61099 12.97559
5653.26176 11.18121 3.61119 12.97599
5654.48448 11.18150 3.61139 12.97639
5655.70721 11.18178 3.61160 12.97679
5656.92993 11.18207 3.61180 12.97718
5658.15265 11.18236 3.61200 12.97758
5659.37538 11.18265 3.61220 12.97798
5660.59810 11.18293 3.61240 12.97838
5661.82082 11.18322 3.61260 12.97878
5663.04354 11.18351 3.61280 12.97918
5664.26627 11.18380 3.61300 12.97958
5665.48899 11.18408 3.61320 12.97998
5666.71171 11.18437 3.61341 12.98038
5667.93443 11.18466 3.61361 12.98078
5669.15716 11.18495 3.61381 12.98118
5670.37988 11.18523 3.61401 12.98158
5671.60260 11.18550 3.61420 12.98195
5672.82533 11.18575 3.61437 12.98230
5674.04805 11.18600 3.61454 12.98264
5675.27077 11.18625 3.61472 12.98299
5676.49349 11.18650 3.61489 12.98334
5677.71622 11.18675 3.61507 12.98368
5678.93894 11.18700 3.61524 12.98403
5680.16166 11.18725 3.61541 12.98437
5681.38438 11.18750 3.61559 12.98472
5682.60711 11.18775 3.61576 12.98507
5683.82983 11.18799 3.61594 12.98541
5685.05255 11.18824 3.61611 12.98576
5686.27528 11.18849 3.61629 12.98610
5687.49800 11.18874 3.61646 12.98645
5688.72072 11.18899 3.61663 12.98680
5689.94344 11.18924 3.61681 12.98714
5691.16617 11.18949 3.61698 12.98749
5692.38889 11.18974 3.61716 12.98784
5693.61161 11.18999 3.61733 12.98818
5694.83433 11.19024 3.61750 12.98853
5696.05706 11.19049 3.61768 12.98887
5697.27978 11.19074 3.61785 12.98922
5698.50250 11.19099 3.61803 12.98957
5699.72523 11.19123 3.61820 12.98991
5700.94795 11.19148 3.61837 12.99026
5702.17067 11.19173 3.61855 12.99060
5703.39339 11.19198 3.61872 12.99095
5704.61612 11.19223 3.61890 12.99130
5705.83884 11.19248 3.61907 12.99164
5707.06156 11.19273 3.61925 12.99199
5708.28428 11.19298 3.61942 12.99234
5709.50701 11.19323 3.61959 12.99268
5710.72973 11.19348 3.61977 12.99303
5711.95245 11.19373 3.61994 12.99337
5713.17518 11.19398 3.62012 12.99372
5714.39790 11.19422 3.62029 12.99407
5715.62062 11.19447 3.62046 12.99441
5716.84334 11.19472 3.62064 12.99476
5718.06607 11.19497 3.62081 12.99510
5719.28879 11.19522 3.62099 12.99545
5720.51151 11.19547 3.62116 12.99580
5721.73423 11.19572 3.62133 12.99614
5722.95696 11.19597 3.62151 12.99649
5724.17968 11.19622 3.62168 12.99684
5725.40240 11.19647 3.62186 12.99718
5726.62513 11.19672 3.62203 12.99753
5727.84785 11.19697 3.62221 12.99787
5729.07057 11.19721 3.62238 12.99822
5730.29329 11.19746 3.62255 12.99857
5731.51602 11.19771 3.62273 12.99891
5732.73874 11.19796 3.62290 12.99926
5733.96146 11.19821 3.62308 12.99960
5735.18418 11.19846 3.62325 12.99995
5736.40691 11.19871 3.62342 13.00030
5737.62963 11.19896 3.62360 13.00064
5738.85235 11.19921 3.62377 13.00099
5740.07508 11.19946 3.62395 13.00134
5741.29780 11.19971 3.62412 13.00168
5742.52052 11.19996 3.62429 13.00203
5743.74324 11.20021 3.62447 13.00237
5744.96597 11.20045 3.62464 13.00272
5746.18869 11.20070 3.62482 13.00307
5747.41141 11.20095 3.62499 13.00341
5748.63413 11.20120 3.62517 13.00376
5749.85686 11.20145 3.62534 13.00410
5751.07958 11.20170 3.62551 13.00445
5752.30230 11.20195 3.62569 13.00480
5753.52503 11.20220 3.62586 13.00514
5754.74775 11.20245 3.62604 13.00549
5755.97047 11.20270 3.62621 13.00584
5757.19319 11.20295 3.62638 13.00618
5758.41592 11.20320 3.62656 13.00653
5759.63864 11.20344 3.62673 13.00687
5760.86136 11.20369 3.62691 13.00722
5762.08408 11.20394 3.62708 13.00757
5763.30681 11.20419 3.62725 13.00791
5764.52953 11.20444 3.62743 13.00826
5765.75225 11.20469 3.62760 13.00860
5766.97497 11.20494 3.62778 13.00895
5768.19770 11.20519 3.62795 13.00930
5769.42042 11.20544 3.62813 13.00964
5770.64314 11.20569 3.62830 13.00999
5771.86587 11.20591 3.62845 13.01030
5773.08859 11.20612 3.62860 13.01059
5774.31131 11.20633 3.62875 13.01088
5775.53403 11.20654 3.62890 13.01118
5776.75676 11.20675 3.62904 13.01147
5777.97948 11.20696 3.62919 13.01176
5779.20220 11.20717 3.62934 13.01205
5780.42492 11.20739 3.62949 13.01235
5781.64765 11.20760 3.62963 13.01264
5782.87037 11.20781 3.62978 13.01293
5784.09309 11.20802 3.62993 13.01323
5785.31582 11.20823 3.63008 13.01352
5786.53854 11.20844 3.63022 13.01381
5787.76126 11.20865 3.63037 13.01410
5788.98398 11.20886 3.63052 13.01440
5790.20671 11.20907 3.63067 13.01469
5791.42943 11.20928 3.63081 13.01498
5792.65215 11.20949 3.63096 13.01528
5793.87487 11.20971 3.63111 13.01557
5795.09760 11.20992 3.63126 13.01586
5796.32032 11.21013 3.63140 13.01615
5797.54304 11.21034 3.63155 13.01645
5798.76577 11.21055 3.63170 13.01674
5799.98849 11.21076 3.63185 13.01703
5801.21121 11.21097 3.63199 13.01733
5802.43393 11.21118 3.63214 13.01762
5803.65666 11.21139 3.63229 13.01791
5804.87938 11.21160 3.63244 13.01820
5806.10210 11.21182 3.63258 13.01850
5807.32482 11.21203 3.63273 13.01879
5808.54755 11.21224 3.63288 13.01908
5809.77027 11.21245 3.63303 13.01938
5810.99299 11.21266 3.63317 13.01967
5812.21572 11.21287 3.63332 13.01996
5813.43844 11.21308 3.63347 13.02025
5814.66116 11.21329 3.63362 13.02055
5815.88388 11.21350 3.63376 13.02084
5817.10661 11.21371 3.63391 13.02113
5818.32933 11.21392 3.63406 13.02143
5819.55205 11.21414 3.63421 13.02172
5820.77477 11.21435 3.63435 13.02201
5821.99750 11.21456 3.63450 13.02230
5823.22022 11.21477 3.63465 13.02260
5824.44294 11.21498 3.63480 13.02289
5825.66567 11.21519 3.63494 13.02318
5826.88839 11.21540 3.63509 13.02348
5828.11111 11.21561 3.63524 13.02377
5829.33383 11.21582 3.63539 13.02406
5830.55656 11.21603 3.63553 13.02435
5831.77928 11.21624 3.63568 13.02465
5833.00200 11.21646 3.63583 13.02494
5834.22472 11.21667 3.63597 13.02523
5835.44745 11.21688 3.63612 13.02553
5836.67017 11.21709 3.63627 13.02582
5837.89289 11.21730 3.63642 13.02611
5839.11562 11.21751 3.63656 13.02640
5840.33834 11.21772 3.63671 13.02670
5841.56106 11.21793 3.63686 13.02699
5842.78378 11.21814 3.63701 13.02728
5844.00651 11.21835 3.63715 13.02758
5845.22923 11.21856 3.63730 13.02787
5846.45195 11.21878 3.63745 13.02816
5847.67467 11.21899 3.63760 13.02845
5848.89740 11.21920 3.63774 13.02875
5850.12012 11.21941 3.63789 13.02904
5851.34284 11.21962 3.63804 13.02933
5852.56557 11.21983 3.63819 13.02962
5853.78829 11.22004 3.63833 13.02992
5855.01101 11.22025 3.63848 13.03021
5856.23373 11.22046 3.63863 13.03050
5857.45646 11.22067 3.63878 13.03080
5858.67918 11.22088 3.63892 13.03109
5859.90190 11.22110 3.63907 13.03138
5861.12462 11.22131 3.63922 13.03167
5862.34735 11.22152 3.63937 13.03197
5863.57007 11.22173 3.63951 13.03226
5864.79279 11.22194 3.63966 13.03255
5866.01552 11.22215 3.63981 13.03285
5867.23824 11.22236 3.63996 13.03314
5868.46096 11.22257 3.64010 13.03343
5869.68368 11.22278 3.64025 13.03372
5870.90641 11.22299 3.64040 13.03402
5872.12913 11.22317 3.64052 13.03426
5873.35185 11.22334 3.64064 13.03450
5874.57457 11.22351 3.64076 13.03474
5875.79730 11.22369 3.64088 13.03498
5877.02002 11.22386 3.64100 13.03522
5878.24274 11.22403 3.64112 13.03546
5879.46547 11.22420 3.64124 13.03570
5880.68819 11.22438 3.64137 13.03594
5881.91091 11.22455 3.64149 13.03618
5883.13363 11.22472 3.64161 13.03642
5884.35636 11.22489 3.64173 13.03666
5885.57908 11.22507 3.64185 13.03690
5886.80180 11.22524 3.64197 13.03714
5888.02452 11.22541 3.64209 13.03738
5889.24725 11.22558 3.64221 13.03762
5890.46997 11.22576 3.64233 13.03786
5891.69269 11.22593 3.64245 13.03810
5892.91542 11.22610 3.64257 13.03834
5894.13814 11.22627 3.64269 13.03858
5895.36086 11.22645 3.64281 13.03881
5896.58358 11.22662 3.64293 13.03905
5897.80631 11.22679 3.64305 13.03929
5899.02903 11.22696 3.64317 13.03953
5900.25175 11.22714 3.64329 13.03977
5901.47447 11.22731 3.64341 13.04001
5902.69720 11.22748 3.64354 13.04025
5903.91992 11.22766 3.64366 13.04049
5905.14264 11.22783 3.64378 13.04073
5906.36537 11.22800 3.64390 13.04097
5907.58809 11.22817 3.64402 13.04121
5908.81081 11.22835 3.64414 13.04145
5910.03353 11.22852 3.64426 13.04169
5911.25626 11.22869 3.64438 13.04193
5912.47898 11.22886 3.64450 13.04217
5913.70170 11.22904 3.64462 13.04241
5914.92442 11.22921 3.64474 13.04265
5916.14715 11.22938 3.64486 13.04289
5917.36987 11.22955 3.64498 13.04313
5918.59259 11.22973 3.64510 13.04337
5919.81532 11.22990 3.64522 13.04361
5921.03804 11.23007 3.64534 13.04385
5922.26076 11.23024 3.64546 13.04409
5923.48348 11.23042 3.64558 13.04433
5924.70621 11.23059 3.64571 13.04457
5925.92893 11.23076 3.64583 13.04481
5927.15165 11.23093 3.64595 13.04505
5928.37437 11.23111 3.64607 13.04529
5929.59710 11.23128 3.64619 13.04553
5930.81982 11.23145 3.64631 13.04576
5932.04254 11.23162 3.64643 13.04600
5933.26527 11.23180 3.64655 13.04624
5934.48799 11.23197 3.64667 13.04648
5935.71071 11.23214 3.64679 13.04672
5936.93343 11.23231 3.64691 13.04696
5938.15616 11.23249 3.64703 13.04720
5939.37888 11.23266 3.64715 13.04744
5940.60160 11.23283 3.64727 13.04768
5941.82432 11.23300 3.64739 13.04792
5943.04705 11.23318 3.64751 13.04816
5944.26977 11.23335 3.64763 13.04840
5945.49249 11.23352 3.64775 13.04864
5946.71522 11.23369 3.64788 13.04888
5947.93794 11.23387 3.64800 13.04912
5949.16066 11.23404 3.64812 13.04936
5950.38338 11.23421 3.64824 13.04960
5951.60611 11.23438 3.64836 13.04984
5952.82883 11.23456 3.64848 13.05008
5954.05155 11.23473 3.64860 13.05032
5955.27427 11.23490 3.64872 13.05056
5956.49700 11.23507 3.64884 13.05080
5957.71972 11.23525 3.64896 13.05104
5958.94244 11.23542 3.64908 13.05128
5960.16517 11.23559 3.64920 13.05152
5961.38789 11.23576 3.64932 13.05176
5962.61061 11.23594 3.64944 13.05200
5963.83333 11.23611 3.64956 13.05224
5965.05606 11.23628 3.64968 13.05247
5966.27878 11.23645 3.64980 13.05271
5967.50150 11.23663 3.64993 13.05295
5968.72422 11.23680 3.65005 13.05319
5969.94695 11.23697 3.65017 13.05343
5971.16967 11.23714 3.65028 13.05367
5972.39239 11.23727 3.65038 13.05385
5973.61512 11.23741 3.65047 13.05404
5974.83784 11.23754 3.65056 13.05422
5976.06056 11.23768 3.65066 13.05441
5977.28328 11.23781 3.65075 13.05460
5978.50601 11.23794 3.65085 13.05478
5979.72873 11.23808 3.65094 13.05497
5980.95145 11.23821 3.65103 13.05516
5982.17417 11.23835 3.65113 13.05534
5983.39690 11.23848 3.65122 13.05553
5984.61962 11.23861 3.65131 13.05572
5985.84234 11.23875 3.65141 13.05590
5987.06507 11.23888 3.65150 13.05609
5988.28779 11.23902 3.65160 13.05627
5989.51051 11.23915 3.65169 13.05646
5990.73323 11.23928 3.65178 13.05665
5991.95596 11.23942 3.65188 13.05683
5993.17868 11.23955 3.65197 13.05702
5994.40140 11.23969 3.65206 13.05721
5995.62412 11.23982 3.65216 13.05739
5996.84685 11.23996 3.65225 13.05758
5998.06957 11.24009 3.65235 13.05777
5999.29229 11.24022 3.65244 13.05795
6000.51502 11.24036 3.65253 13.05814
6001.73774 11.24049 3.65263 13.05832
6002.96046 11.24063 3.65272 13.05851
6004.18318 11.24076 3.65282 13.05870
6005.40591 11.24089 3.65291 13.05888
6006.62863 11.24103 3.65300 13.05907
6007.85135 11.24116 3.65310 13.05926
6009.07407 11.24130 3.65319 13.05944
6010.29680 11.24143 3.65328 13.05963
6011.51952 11.24156 3.65338 13.05982
6012.74224 11.24170 3.65347 13.06000
6013.96496 11.24183 3.65357 13.06019
6015.18769 11.24197 3.65366 13.06037
6016.41041 11.24210 3.65375 13.06056
6017.63313 11.24224 3.65385 13.06075
6018.85586 11.24237 3.65394 13.06093
6020.07858 11.24250 3.65403 13.06112
6021.30130 11.24264 3.65413 13.06131
6022.52402 11.24277 3.65422 13.06149
6023.74675 11.24291 3.65432 13.06168
6024.96947 11.24304 3.65441 13.06186
6026.19219 11.24317 3.65450 13.06205
6027.41491 11.24331 3.65460 13.06224
6028.63764 11.24344 3.65469 13.06242
6029.86036 11.24358 3.65478 13.06261
6031.08308 11.24371 3.65488 13.06280
6032.30581 11.24385 3.65497 13.06298
6033.52853 11.24398 3.65507 13.06317
6034.75125 11.24411 3.65516 13.06336
6035.97397 11.24425 3.65525 13.06354
6037.19670 11.24438 3.65535 13.06373
6038.41942 11.24452 3.65544 13.06391
6039.64214 11.24465 3.65553 13.06410
6040.86486 11.24478 3.65563 13.06429
6042.08759 11.24492 3.65572 13.06447
6043.31031 11.24505 3.65582 13.06466
6044.53303 11.24519 3.65591 13.06485
6045.75576 11.24532 3.65600 13.06503
6046.97848 11.24545 3.65610 13.06522
6048.20120 11.24559 3.65619 13.06541
6049.42392 11.24572 3.65629 13.06559
6050.64665 11.24586 3.65638 13.06578
6051.86937 11.24599 3.65647 13.06596
6053.09209 11.24613 3.65657 13.06615
6054.31481 11.24626 3.65666 13.06634
6055.53754 11.24639 3.65675 13.06652
6056.76026 11.24653 3.65685 13.06671
6057.98298 11.24666 3.65694 13.06690
6059.20571 11.24680 3.65704 13.06708
6060.42843 11.24693 3.65713 13.06727
6061.65115 11.24706 3.65722 13.06746
6062.87387 11.24720 3.65732 13.06764
6064.09660 11.24733 3.65741 13.06783
6065.31932 11.24747 3.65750 13.06801
6066.54204 11.24760 3.65760 13.06820
6067.76476 11.24774 3.65769 13.06839
6068.98749 11.24787 3.65779 13.06857
6070.21021 11.24800 3.65788 13.06876
6071.43293 11.24812 3.65796 13.06893
6072.65566 11.24822 3.65803 13.06906
6073.87838 11.24832 3.65810 13.06919
6075.10110 11.24841 3.65816 13.06933
6076.32382 11.24851 3.65823 13.06946
6077.54655 11.24860 3.65830 13.06959
6078.76927 11.24870 3.65837 13.06973
6079.99199 11.24879 3.65843 13.06986
6081.21471 11.24889 3.65850 13.06999
6082.43744 11.24899 3.65857 13.07013
6083.66016 11.24908 3.65863 13.07026
6084.88288 11.24918 3.65870 13.07039
6086.10561 11.24927 3.65877 13.07053
6087.32833 11.24937 3.65883 13.07066
6088.55105 11.24947 3.65890 13.07079
6089.77377 11.24956 3.65897 13.07092
6090.99650 11.24966 3.65904 13.07106
6092.21922 11.24975 3.65910 13.07119
6093.44194 11.24985 3.65917 13.07132
6094.66466 11.24995 3.65924 13.07146
6095.88739 11.25004 3.65930 13.07159
6097.11011 11.25014 3.65937 13.07172
6098.33283 11.25023 3.65944 13.07186
6099.55556 11.25033 3.65950 13.07199
6100.77828 11.25042 3.65957 13.07212
6102.00100 11.25052 3.65964 13.07226
6103.22372 11.25062 3.65971 13.07239
6104.44645 11.25071 3.65977 13.07252
6105.66917 11.25081 3.65984 13.07266
6106.89189 11.25090 3.65991 13.07279
6108.11461 11.25100 3.65997 13.07292
6109.33734 11.25110 3.66004 13.07305
6110.56006 11.25119 3.66011 13.07319
6111.78278 11.25129 3.66017 13.07332
6113.00551 11.25138 3.66024 13.07345
6114.22823 11.25148 3.66031 13.07359
6115.45095 11.25157 3.66038 13.07372
6116.67367 11.25167 3.66044 13.07385
6117.89640 11.25177 3.66051 13.07399
6119.11912 11.25186 3.66058 13.07412
6120.34184 11.25196 3.66064 13.07425
6121.56456 11.25205 3.66071 13.07439
6122.78729 11.25215 3.66078 13.07452
6124.01001 11.25225 3.66084 13.07465
6125.23273 11.25234 3.66091 13.07479
6126.45546 11.25244 3.66098 13.07492
6127.67818 11.25253 3.66105 13.07505
6128.90090 11.25263 3.66111 13.07519
6130.12362 11.25273 3.66118 13.07532
6131.34635 11.25282 3.66125 13.07545
6132.56907 11.25292 3.66131 13.07558
6133.79179 11.25301 3.66138 13.07572
6135.01451 11.25311 3.66145 13.07585
6136.23724 11.25320 3.66152 13.07598
6137.45996 11.25330 3.66158 13.07612
6138.68268 11.25340 3.66165 13.07625
6139.90541 11.25349 3.66172 13.07638
6141.12813 11.25359 3.66178 13.07652
6142.35085 11.25368 3.66185 13.07665
6143.57357 11.25378 3.66192 13.07678
6144.79630 11.25388 3.66198 13.07692
6146.01902 11.25397 3.66205 13.07705
6147.24174 11.25407 3.66212 13.07718
6148.46446 11.25416 3.66219 13.07732
6149.68719 11.25426 3.66225 13.07745
6150.90991 11.25435 3.66232 13.07758
6152.13263 11.25445 3.66239 13.07772
6153.35536 11.25455 3.66245 13.07785
6154.57808 11.25464 3.66252 13.07798
6155.80080 11.25474 3.66259 13.07811
6157.02352 11.25483 3.66265 13.07825
6158.24625 11.25493 3.66272 13.07838
6159.46897 11.25503 3.66279 13.07851
6160.69169 11.25512 3.66286 13.07865
6161.91441 11.25522 3.66292 13.07878
6163.13714 11.25531 3.66299 13.07891
6164.35986 11.25541 3.66306 13.07905
6165.58258 11.25551 3.66312 13.07918
6166.80531 11.25560 3.66319 13.07931
6168.02803 11.25570 3.66326 13.07945
6169.25075 11.25579 3.66332 13.07958
6170.47347 11.25589 3.66339 13.07971
6171.69620 11.25596 3.66344 13.07982
6172.91892 11.25602 3.66348 13.07990
6174.14164 11.25608 3.66352 13.07998
6175.36436 11.25614 3.66356 13.08005
6176.58709 11.25619 3.66360 13.08013
6177.80981 11.25625 3.66364 13.08021
6179.03253 11.25631 3.66368 13.08029
6180.25526 11.25637 3.66372 13.08037
6181.47798 11.25642 3.66376 13.08045
6182.70070 11.25648 3.66380 13.08053
6183.92342 11.25654 3.66384 13.08061
6185.14615 11.25660 3.66388 13.08069
6186.36887 11.25665 3.66392 13.08077
6187.59159 11.25671 3.66396 13.08085
6188.81431 11.25677 3.66400 13.08093
6190.03704 11.25683 3.66404 13.08101
6191.25976 11.25688 3.66408 13.08109
6192.48248 11.25694 3.66412 13.08117
6193.70521 11.25700 3.66416 13.08125
6194.92793 11.25706 3.66420 13.08133
6196.15065 11.25711 3.66424 13.08141
6197.37337 11.25717 3.66429 13.08149
6198.59610 11.25723 3.66433 13.08157
6199.81882 11.25729 3.66437 13.08165
6201.04154 11.25734 3.66441 13.08173
6202.26426 11.25740 3.66445 13.08181
6203.48699 11.25746 3.66449 13.08189
6204.70971 11.25752 3.66453 13.08197
6205.93243 11.25758 3.66457 13.08205
6207.15516 11.25763 3.66461 13.08213
6208.37788 11.25769 3.66465 13.08221
6209.60060 11.25775 3.66469 13.08229
6210.82332 11.25781 3.66473 13.08237
6212.04605 11.25786 3.66477 13.08245
6213.26877 11.25792 3.66481 13.08253
6214.49149 11.25798 3.66485 13.08261
6215.71421 11.25804 3.66489 13.08269
6216.93694 11.25809 3.66493 13.08277
6218.15966 11.25815 3.66497 13.08285
6219.38238 11.25821 3.66501 13.08293
6220.60511 11.25827 3.66505 13.08301
6221.82783 11.25832 3.66509 13.08309
6223.05055 11.25838 3.66513 13.08317
6224.27327 11.25844 3.66517 13.08325
6225.49600 11.25850 3.66521 13.08333
6226.71872 11.25855 3.66525 13.08341
6227.94144 11.25861 3.66529 13.08349
6229.16416 11.25867 3.66533 13.08357
6230.38689 11.25873 3.66537 13.08365
6231.60961 11.25878 3.66541 13.08373
6232.83233 11.25884 3.66545 13.08381
6234.05506 11.25890 3.66549 13.08389
6235.27778 11.25896 3.66553 13.08397
6236.50050 11.25902 3.66557 13.08405
6237.72322 11.25907 3.66561 13.08413
6238.94595 11.25913 3.66565 13.08421
6240.16867 11.25919 3.66569 13.08429
6241.39139 11.25925 3.66573 13.08437
6242.61411 11.25930 3.66577 13.08445
6243.83684 11.25936 3.66581 13.08453
6245.05956 11.25942 3.66585 13.08461
6246.28228 11.25948 3.66589 13.08469
6247.50501 11.25953 3.66593 13.08477
6248.72773 11.25959 3.66597 13.08485
6249.95045 11.25965 3.66601 13.08493
6251.17317 11.25971 3.66605 13.08501
6252.39590 11.25976 3.66609 13.08509
6253.61862 11.25982 3.66613 13.08516
6254.84134 11.25988 3.66617 13.08524
6256.06406 11.25994 3.66621 13.08532
6257.28679 11.25999 3.66625 13.08540
6258.50951 11.26005 3.66629 13.08548
6259.73223 11.26011 3.66633 13.08556
6260.95495 11.26017 3.66637 13.08564
6262.17768 11.26022 3.66641 13.08572
6263.40040 11.26028 3.66645 13.08580
6264.62312 11.26034 3.66649 13.08588
6265.84585 11.26040 3.66653 13.08596
6267.06857 11.26045 3.66657 13.08604
6268.29129 11.26051 3.66661 13.08612
6269.51401 11.26057 3.66665 13.08620
6270.73674 11.26063 3.66669 13.08628
6271.95946 11.26065 3.66671 13.08632
6273.18218 11.26067 3.66672 13.08635
6274.40490 11.26069 3.66674 13.08637
6275.62763 11.26071 3.66675 13.08640
6276.85035 11.26073 3.66676 13.08643
6278.07307 11.26075 3.66678 13.08645
6279.29580 11.26077 3.66679 13.08648
6280.51852 11.26079 3.66680 13.08651
6281.74124 11.26081 3.66682 13.08653
6282.96396 11.26083 3.66683 13.08656
6284.18669 11.26085 3.66685 13.08659
6285.40941 11.26086 3.66686 13.08661
6286.63213 11.26088 3.66687 13.08664
6287.85485 11.26090 3.66689 13.08667
6289.07758 11.26092 3.66690 13.08669
6290.30030 11.26094 3.66691 13.08672
6291.52302 11.26096 3.66693 13.08675
6292.74575 11.26098 3.66694 13.08677
6293.96847 11.26100 3.66695 13.08680
6295.19119 11.26102 3.66697 13.08683
6296.41391 11.26104 3.66698 13.08685
6297.63664 11.26106 3.66699 13.08688
6298.85936 11.26107 3.66701 13.08691
6300.08208 11.26109 3.66702 13.08693
6301.30480 11.26111 3.66703 13.08696
6302.52753 11.26113 3.66705 13.08699
6303.75025 11.26115 3.66706 13.08701
6304.97297 11.26117 3.66707 13.08704
6306.19570 11.26119 3.66709 13.08707
6307.41842 11.26121 3.66710 13.08709
6308.64114 11.26123 3.66711 13.08712
6309.86386 11.26125 3.66713 13.08715
6311.08659 11.26127 3.66714 13.08717
6312.30931 11.26128 3.66715 13.08720
6313.53203 11.26130 3.66717 13.08723
6314.75475 11.26132 3.66718 13.08725
6315.97748 11.26134 3.66719 13.08728
6317.20020 11.26136 3.66721 13.08731
6318.42292 11.26138 3.66722 13.08733
6319.64565 11.26140 3.66724 13.08736
6320.86837 11.26142 3.66725 13.08739
6322.09109 11.26144 3.66726 13.08741
6323.31381 11.26146 3.66728 13.08744
6324.53654 11.26148 3.66729 13.08747
6325.75926 11.26149 3.66730 13.08749
6326.98198 11.26151 3.66732 13.08752
6328.20470 11.26153 3.66733 13.08755
6329.42743 11.26155 3.66734 13.08757
6330.65015 11.26157 3.66736 13.08760
6331.87287 11.26159 3.66737 13.08763
6333.09560 11.26161 3.66738 13.08765
6334.31832 11.26163 3.66740 13.08768
6335.54104 11.26165 3.66741 13.08771
6336.76376 11.26167 3.66742 13.08773
6337.98649 11.26168 3.66744 13.08776
6339.20921 11.26170 3.66745 13.08779
6340.43193 11.26172 3.66746 13.08781
6341.65465 11.26174 3.66748 13.08784
6342.87738 11.26176 3.66749 13.08787
6344.10010 11.26178 3.66750 13.08789
6345.32282 11.26180 3.66752 13.08792
6346.54555 11.26182 3.66753 13.08795
6347.76827 11.26184 3.66754 13.08797
6348.99099 11.26186 3.66756 13.08800
6350.21371 11.26188 3.66757 13.08803
6351.43644 11.26189 3.66758 13.08805
6352.65916 11.26191 3.66760 13.08808
6353.88188 11.26193 3.66761 13.08811
6355.10460 11.26195 3.66763 13.08813
6356.32733 11.26197 3.66764 13.08816
6357.55005 11.26199 3.66765 13.08819
6358.77277 11.26201 3.66767 13.08821
6359.99550 11.26203 3.66768 13.08824
6361.21822 11.26205 3.66769 13.08827
6362.44094 11.26207 3.66771 13.08829
6363.66366 11.26209 3.66772 13.08832
6364.88639 11.26210 3.66773 13.08835
6366.10911 11.26212 3.66775 13.08837
6367.33183 11.26214 3.66776 13.08840
6368.55455 11.26216 3.66777 13.08843
6369.77728 11.26218 3.66779 13.08845
6371.00000 11.26220 3.66780 13.08848
