0.00000 5.80000 3.20000 2.60000
0.49796 5.80000 3.20000 2.60000
0.99592 5.80000 3.20000 2.60000
1.49388 5.80000 3.20000 2.60000
1.99184 5.80000 3.20000 2.60000
2.48980 5.80000 3.20000 2.60000
2.98776 5.80000 3.20000 2.60000
3.48571 5.80000 3.20000 2.60000
3.98367 5.80000 3.20000 2.60000
4.48163 5.80000 3.20000 2.60000
4.97959 5.80000 3.20000 2.60000
5.47755 5.80000 3.20000 2.60000
5.97551 5.80000 3.20000 2.60000
6.47347 5.80000 3.20000 2.60000
6.97143 5.80000 3.20000 2.60000
7.46939 5.80000 3.20000 2.60000
7.96735 5.80000 3.20000 2.60000
8.46531 5.80000 3.20000 2.60000
8.96327 5.80000 3.20000 2.60000
9.46122 5.80000 3.20000 2.60000
9.95918 5.80000 3.20000 2.60000
10.45714 5.80000 3.20000 2.60000
10.95510 5.80000 3.20000 2.60000
11.45306 5.80000 3.20000 2.60000
11.95102 5.80000 3.20000 2.60000
12.44898 5.80000 3.20000 2.60000
12.94694 5.80000 3.20000 2.60000
13.44490 5.80000 3.20000 2.60000
13.94286 5.80000 3.20000 2.60000
14.44082 5.80000 3.20000 2.60000
14.93878 5.80000 3.20000 2.60000
15.43673 6.80000 3.90000 2.90000
15.93469 6.80000 3.90000 2.90000
16.43265 6.80000 3.90000 2.90000
16.93061 6.80000 3.90000 2.90000
17.42857 6.80000 3.90000 2.90000
17.92653 6.80000 3.90000 2.90000
18.42449 6.80000 3.90000 2.90000
18.92245 6.80000 3.90000 2.90000
19.42041 6.80000 3.90000 2.90000
19.91837 6.80000 3.90000 2.90000
20.41633 6.80000 3.90000 2.90000
20.91429 6.80000 3.90000 2.90000
21.41224 6.80000 3.90000 2.90000
21.91020 6.80000 3.90000 2.90000
22.40816 6.80000 3.90000 2.90000
22.90612 6.80000 3.90000 2.90000
23.40408 6.80000 3.90000 2.90000
23.90204 6.80000 3.90000 2.90000
24.40000 6.80000 3.90000 2.90000
24.40000 8.11061 4.49094 3.38076
27.26947 8.10888 4.48982 3.38045
30.13894 8.10714 4.48870 3.38013
33.00841 8.10541 4.48758 3.37982
35.87788 8.10368 4.48647 3.37951
38.74735 8.10195 4.48535 3.37920
41.61682 8.10021 4.48424 3.37888
44.48629 8.09847 4.48313 3.37857
47.35576 8.09673 4.48202 3.37826
50.22523 8.09499 4.48092 3.37795
53.09469 8.09325 4.47981 3.37763
55.96416 8.09152 4.47871 3.37732
58.83363 8.08978 4.47760 3.37701
61.70310 8.08803 4.47650 3.37670
64.57257 8.08628 4.47541 3.37638
67.44204 8.08453 4.47431 3.37607
70.31151 8.08279 4.47322 3.37576
73.18098 8.08104 4.47213 3.37545
76.05045 8.07929 4.47103 3.37514
78.91992 8.07754 4.46994 3.37483
81.78939 8.07578 4.46886 3.37452
84.65886 8.07402 4.46779 3.37420
87.52833 8.07226 4.46671 3.37389
90.39780 8.07050 4.46564 3.37358
93.26727 8.06874 4.46456 3.37327
96.13674 8.06698 4.46349 3.37296
99.00621 8.06522 4.46242 3.37265
101.87568 8.06345 4.46134 3.37233
104.74515 8.06169 4.46027 3.37202
107.61461 8.05993 4.45919 3.37171
110.48408 8.05817 4.45812 3.37140
113.35355 8.05641 4.45705 3.37109
116.22302 8.05464 4.45598 3.37078
119.09249 8.05286 4.45493 3.37046
121.96196 8.05108 4.45388 3.37015
124.83143 8.04930 4.45283 3.36984
127.70090 8.04753 4.45178 3.36953
130.57037 8.04575 4.45073 3.36922
133.43984 8.04397 4.44968 3.36890
136.30931 8.04219 4.44862 3.36859
139.17878 8.04041 4.44757 3.36828
142.04825 8.03863 4.44652 3.36797
144.91772 8.03685 4.44547 3.36765
147.78719 8.03507 4.44442 3.36734
150.65666 8.03329 4.44337 3.36703
153.52613 8.03149 4.44235 3.36672
156.39560 8.02970 4.44132 3.36641
159.26507 8.02790 4.44029 3.36609
162.13453 8.02611 4.43927 3.36578
165.00400 8.02431 4.43824 3.36547
167.87347 8.02252 4.43721 3.36516
170.74294 8.02072 4.43618 3.36485
173.61241 8.01893 4.43516 3.36454
176.48188 8.01713 4.43413 3.36422
179.35135 8.01533 4.43310 3.36391
182.22082 8.01354 4.43207 3.36360
185.09029 8.01174 4.43105 3.36329
187.95976 8.00993 4.43005 3.36298
190.82923 8.00812 4.42904 3.36267
193.69870 8.00631 4.42804 3.36236
196.56817 8.00450 4.42704 3.36204
199.43764 8.00268 4.42604 3.36173
202.30711 8.00087 4.42503 3.36142
205.17658 7.99906 4.42403 3.36111
208.04605 7.99725 4.42303 3.36080
210.91552 7.99544 4.42202 3.36049
213.78498 7.99362 4.42102 3.36017
216.65445 7.99181 4.42002 3.35986
219.52392 7.99000 4.41902 3.35955
222.39339 8.56356 4.64558 3.43721
225.26286 8.56908 4.64759 3.43892
228.13233 8.57460 4.64960 3.44063
231.00180 8.58012 4.65161 3.44235
233.87127 8.58564 4.65362 3.44406
236.74074 8.59116 4.65562 3.44577
239.61021 8.59668 4.65763 3.44749
242.47968 8.60220 4.65964 3.44920
245.34915 8.60772 4.66165 3.45091
248.21862 8.61324 4.66366 3.45262
251.08809 8.61876 4.66566 3.45434
253.95756 8.62428 4.66767 3.45605
256.82703 8.62980 4.66968 3.45776
259.69650 8.63532 4.67169 3.45947
262.56597 8.64084 4.67370 3.46119
265.43544 8.64636 4.67570 3.46290
268.30490 8.65188 4.67771 3.46461
271.17437 8.65740 4.67972 3.46633
274.04384 8.66292 4.68173 3.46804
276.91331 8.66844 4.68374 3.46975
279.78278 8.67396 4.68575 3.47147
282.65225 8.67948 4.68776 3.47318
285.52172 8.68500 4.68977 3.47489
288.39119 8.69052 4.69177 3.47661
291.26066 8.69604 4.69378 3.47832
294.13013 8.70156 4.69579 3.48003
296.99960 8.70708 4.69780 3.48175
299.86907 8.71260 4.69981 3.48346
302.73854 8.71812 4.70182 3.48517
305.60801 8.72364 4.70383 3.48689
308.47748 8.72916 4.70583 3.48860
311.34695 8.73468 4.70784 3.49031
314.21642 8.74020 4.70985 3.49203
317.08589 8.74572 4.71186 3.49374
319.95536 8.75124 4.71387 3.49546
322.82482 8.75676 4.71588 3.49717
325.69429 8.76229 4.71789 3.49888
328.56376 8.76781 4.71989 3.50060
331.43323 8.77333 4.72190 3.50231
334.30270 8.77885 4.72391 3.50403
337.17217 8.78437 4.72592 3.50574
340.04164 8.78989 4.72793 3.50745
342.91111 8.79541 4.72994 3.50917
345.78058 8.80093 4.73195 3.51088
348.65005 8.80645 4.73396 3.51260
351.51952 8.81197 4.73596 3.51431
354.38899 8.81749 4.73797 3.51603
357.25846 8.82301 4.73998 3.51774
360.12793 8.82853 4.74199 3.51945
362.99740 8.83405 4.74400 3.52116
365.86687 8.83957 4.74600 3.52288
368.73634 8.84509 4.74801 3.52459
371.60581 8.85061 4.75002 3.52630
374.47528 8.85613 4.75203 3.52801
377.34474 8.86165 4.75404 3.52973
380.21421 8.86717 4.75604 3.53144
383.08368 8.87268 4.75805 3.53315
385.95315 8.87820 4.76006 3.53487
388.82262 8.88372 4.76207 3.53658
391.69209 8.88924 4.76408 3.53829
394.56156 8.89476 4.76608 3.54000
397.43103 8.90028 4.76809 3.54172
400.30050 9.13551 4.93347 3.72416
403.16997 9.15020 4.94184 3.72777
406.03944 9.16488 4.95020 3.73139
408.90891 9.17957 4.95857 3.73501
411.77838 9.19426 4.96694 3.73862
414.64785 9.20895 4.97531 3.74224
417.51732 9.22363 4.98368 3.74585
420.38679 9.23832 4.99205 3.74947
423.25626 9.25301 5.00042 3.75308
426.12573 9.26770 5.00879 3.75670
428.99520 9.28238 5.01716 3.76031
431.86466 9.29707 5.02553 3.76393
434.73413 9.31176 5.03390 3.76755
437.60360 9.32645 5.04226 3.77116
440.47307 9.34114 5.05063 3.77478
443.34254 9.35582 5.05900 3.77839
446.21201 9.37051 5.06737 3.78201
449.08148 9.38520 5.07574 3.78562
451.95095 9.39989 5.08411 3.78924
454.82042 9.41458 5.09248 3.79286
457.68989 9.42927 5.10085 3.79647
460.55936 9.44396 5.10922 3.80009
463.42883 9.45865 5.11759 3.80371
466.29830 9.47334 5.12597 3.80732
469.16777 9.48803 5.13434 3.81094
472.03724 9.50272 5.14271 3.81456
474.90671 9.51741 5.15108 3.81817
477.77618 9.53210 5.15945 3.82179
480.64565 9.54679 5.16782 3.82541
483.51512 9.56148 5.17619 3.82902
486.38458 9.57617 5.18456 3.83264
489.25405 9.59087 5.19293 3.83626
492.12352 9.60556 5.20130 3.83987
494.99299 9.62025 5.20967 3.84349
497.86246 9.63494 5.21804 3.84711
500.73193 9.64963 5.22642 3.85072
503.60140 9.66432 5.23479 3.85434
506.47087 9.67901 5.24316 3.85796
509.34034 9.69370 5.25153 3.86157
512.20981 9.70839 5.25990 3.86519
515.07928 9.72308 5.26827 3.86881
517.94875 9.73777 5.27664 3.87242
520.81822 9.75246 5.28501 3.87604
523.68769 9.76715 5.29338 3.87966
526.55716 9.78184 5.30175 3.88327
529.42663 9.79653 5.31012 3.88689
532.29610 9.81122 5.31849 3.89051
535.16557 9.82591 5.32686 3.89412
538.03504 9.84060 5.33524 3.89774
540.90450 9.85529 5.34361 3.90136
543.77397 9.86998 5.35198 3.90497
546.64344 9.88467 5.36035 3.90859
549.51291 9.89936 5.36872 3.91221
552.38238 9.91405 5.37709 3.91582
555.25185 9.92874 5.38546 3.91944
558.12132 9.94343 5.39383 3.92306
560.99079 9.95812 5.40221 3.92667
563.86026 9.97281 5.41058 3.93029
566.72973 9.98750 5.41895 3.93391
569.59920 10.00219 5.42732 3.93752
572.46867 10.01688 5.43569 3.94114
575.33814 10.03157 5.44407 3.94476
578.20761 10.04626 5.45244 3.94837
581.07708 10.06095 5.46081 3.95199
583.94655 10.07564 5.46918 3.95561
586.81602 10.09033 5.47755 3.95922
589.68549 10.10502 5.48593 3.96284
592.55495 10.11971 5.49430 3.96646
595.42442 10.13440 5.50267 3.97007
598.29389 10.14909 5.51104 3.97369
601.16336 10.15962 5.51692 3.97611
604.03283 10.16407 5.51914 3.97678
606.90230 10.16851 5.52136 3.97745
609.77177 10.17296 5.52358 3.97812
612.64124 10.17740 5.52580 3.97878
615.51071 10.18184 5.52803 3.97945
618.38018 10.18629 5.53025 3.98012
621.24965 10.19073 5.53247 3.98079
624.11912 10.19518 5.53469 3.98146
626.98859 10.19962 5.53691 3.98212
629.85806 10.20407 5.53913 3.98279
632.72753 10.20851 5.54135 3.98346
635.59700 10.21295 5.54357 3.98413
638.46647 10.21740 5.54579 3.98480
641.33594 10.22184 5.54801 3.98547
644.20541 10.22628 5.55023 3.98613
647.07487 10.23073 5.55246 3.98680
649.94434 10.23517 5.55468 3.98747
652.81381 10.23961 5.55690 3.98814
655.68328 10.24405 5.55912 3.98881
658.55275 10.24850 5.56134 3.98947
661.42222 10.25294 5.56356 3.99014
664.29169 10.25738 5.56578 3.99081
667.16116 10.26182 5.56800 3.99148
670.03063 10.75141 5.94517 4.38073
672.90010 10.76034 5.95356 4.38251
675.76957 10.76927 5.96195 4.38430
678.63904 10.77820 5.97034 4.38608
681.50851 10.78713 5.97873 4.38786
684.37798 10.79606 5.98711 4.38965
687.24745 10.80499 5.99550 4.39143
690.11692 10.81392 6.00389 4.39321
692.98639 10.82286 6.01228 4.39500
695.85586 10.83179 6.02067 4.39678
698.72533 10.84072 6.02906 4.39856
701.59479 10.84965 6.03745 4.40035
704.46426 10.85858 6.04584 4.40213
707.33373 10.86751 6.05423 4.40392
710.20320 10.87644 6.06262 4.40570
713.07267 10.88538 6.07100 4.40748
715.94214 10.89431 6.07939 4.40927
718.81161 10.90324 6.08778 4.41105
721.68108 10.91217 6.09617 4.41283
724.55055 10.92109 6.10457 4.41459
727.42002 10.93002 6.11296 4.41636
730.28949 10.93894 6.12136 4.41812
733.15896 10.94787 6.12975 4.41989
736.02843 10.95679 6.13815 4.42166
738.89790 10.96572 6.14654 4.42342
741.76737 10.97464 6.15494 4.42519
744.63684 10.98357 6.16333 4.42695
747.50631 10.99250 6.17173 4.42872
750.37578 11.00142 6.18012 4.43048
753.24525 11.01035 6.18852 4.43225
756.11471 11.01927 6.19691 4.43401
758.98418 11.02820 6.20531 4.43578
761.85365 11.03712 6.21370 4.43754
764.72312 11.04605 6.22210 4.43931
767.59259 11.05497 6.23049 4.44107
770.46206 11.06390 6.23889 4.44284
773.33153 11.06975 6.24210 4.44458
776.20100 11.07490 6.24412 4.44632
779.07047 11.08004 6.24615 4.44806
781.93994 11.08519 6.24817 4.44979
784.80941 11.09033 6.25019 4.45153
787.67888 11.09548 6.25221 4.45327
790.54835 11.10063 6.25423 4.45501
793.41782 11.10577 6.25625 4.45674
796.28729 11.11092 6.25827 4.45848
799.15676 11.11606 6.26030 4.46022
802.02623 11.12121 6.26232 4.46196
804.89570 11.12636 6.26434 4.46369
807.76517 11.13150 6.26636 4.46543
810.63463 11.13665 6.26838 4.46717
813.50410 11.14179 6.27040 4.46891
816.37357 11.14694 6.27243 4.47064
819.24304 11.15208 6.27445 4.47238
822.11251 11.15723 6.27647 4.47412
824.98198 11.16238 6.27849 4.47586
827.85145 11.16752 6.28051 4.47759
830.72092 11.17267 6.28253 4.47933
833.59039 11.17781 6.28455 4.48107
836.45986 11.18296 6.28658 4.48281
839.32933 11.18810 6.28860 4.48454
842.19880 11.19325 6.29062 4.48628
845.06827 11.19840 6.29264 4.48802
847.93774 11.20354 6.29466 4.48976
850.80721 11.20869 6.29668 4.49149
853.67668 11.21383 6.29871 4.49323
856.54615 11.21898 6.30073 4.49497
859.41562 11.22413 6.30275 4.49671
862.28509 11.22927 6.30477 4.49844
865.15455 11.23442 6.30679 4.50018
868.02402 11.23956 6.30881 4.50192
870.89349 11.24471 6.31083 4.50366
873.76296 11.24962 6.31277 4.50536
876.63243 11.25451 6.31470 4.50706
879.50190 11.25941 6.31662 4.50877
882.37137 11.26431 6.31855 4.51047
885.24084 11.26921 6.32048 4.51217
888.11031 11.27411 6.32241 4.51387
890.97978 11.27901 6.32434 4.51558
893.84925 11.28390 6.32627 4.51728
896.71872 11.28880 6.32820 4.51898
899.58819 11.29370 6.33013 4.52069
902.45766 11.29860 6.33206 4.52239
905.32713 11.30350 6.33398 4.52409
908.19660 11.30839 6.33591 4.52580
911.06607 11.31329 6.33784 4.52750
913.93554 11.31819 6.33977 4.52920
916.80501 11.32309 6.34170 4.53091
919.67447 11.32799 6.34363 4.53261
922.54394 11.33289 6.34556 4.53431
925.41341 11.33778 6.34749 4.53601
928.28288 11.34268 6.34942 4.53772
931.15235 11.34758 6.35134 4.53942
934.02182 11.35248 6.35327 4.54112
936.89129 11.35738 6.35520 4.54283
939.76076 11.36227 6.35713 4.54453
942.63023 11.36717 6.35906 4.54623
945.49970 11.37207 6.36099 4.54794
948.36917 11.37697 6.36292 4.54964
951.23864 11.38187 6.36485 4.55134
954.10811 11.38677 6.36678 4.55304
956.97758 11.39166 6.36870 4.55475
959.84705 11.39656 6.37063 4.55645
962.71652 11.40146 6.37256 4.55815
965.58599 11.40636 6.37449 4.55986
968.45546 11.41126 6.37642 4.56156
971.32492 11.41613 6.37834 4.56326
974.19439 11.42080 6.38018 4.56493
977.06386 11.42546 6.38202 4.56660
979.93333 11.43013 6.38386 4.56827
982.80280 11.43480 6.38571 4.56994
985.67227 11.43947 6.38755 4.57161
988.54174 11.44414 6.38939 4.57328
991.41121 11.44880 6.39123 4.57495
994.28068 11.45347 6.39307 4.57662
997.15015 11.45814 6.39492 4.57829
1000.01962 11.46281 6.39676 4.57997
1002.88909 11.46748 6.39860 4.58164
1005.75856 11.47215 6.40044 4.58331
1008.62803 11.47681 6.40228 4.58498
1011.49750 11.48148 6.40413 4.58665
1014.36697 11.48615 6.40597 4.58832
1017.23644 11.49082 6.40781 4.58999
1020.10591 11.49549 6.40965 4.59166
1022.97538 11.50015 6.41149 4.59333
1025.84484 11.50482 6.41333 4.59500
1028.71431 11.50949 6.41518 4.59667
1031.58378 11.51416 6.41702 4.59834
1034.45325 11.51883 6.41886 4.60001
1037.32272 11.52349 6.42070 4.60168
1040.19219 11.52816 6.42254 4.60335
1043.06166 11.53283 6.42439 4.60502
1045.93113 11.53750 6.42623 4.60669
1048.80060 11.54217 6.42807 4.60837
1051.67007 11.54683 6.42991 4.61004
1054.53954 11.55150 6.43175 4.61171
1057.40901 11.55617 6.43360 4.61338
1060.27848 11.56084 6.43544 4.61505
1063.14795 11.56551 6.43728 4.61672
1066.01742 11.57017 6.43912 4.61839
1068.88689 11.57484 6.44096 4.62006
1071.75636 11.57945 6.44278 4.62172
1074.62583 11.58391 6.44455 4.62336
1077.49530 11.58837 6.44631 4.62500
1080.36476 11.59282 6.44807 4.62664
1083.23423 11.59728 6.44983 4.62828
1086.10370 11.60173 6.45159 4.62992
1088.97317 11.60619 6.45335 4.63156
1091.84264 11.61065 6.45511 4.63320
1094.71211 11.61510 6.45687 4.63484
1097.58158 11.61956 6.45864 4.63648
1100.45105 11.62401 6.46040 4.63812
1103.32052 11.62847 6.46216 4.63976
1106.18999 11.63293 6.46392 4.64140
1109.05946 11.63738 6.46568 4.64304
1111.92893 11.64184 6.46744 4.64468
1114.79840 11.64629 6.46920 4.64632
1117.66787 11.65075 6.47096 4.64796
1120.53734 11.65521 6.47273 4.64960
1123.40681 11.65966 6.47449 4.65124
1126.27628 11.66412 6.47625 4.65288
1129.14575 11.66857 6.47801 4.65452
1132.01522 11.67303 6.47977 4.65616
1134.88468 11.67749 6.48153 4.65780
1137.75415 11.68194 6.48329 4.65944
1140.62362 11.68640 6.48505 4.66108
1143.49309 11.69085 6.48682 4.66272
1146.36256 11.69531 6.48858 4.66436
1149.23203 11.69977 6.49034 4.66600
1152.10150 11.70422 6.49210 4.66764
1154.97097 11.70868 6.49386 4.66928
1157.84044 11.71313 6.49562 4.67092
1160.70991 11.71759 6.49738 4.67256
1163.57938 11.72205 6.49915 4.67420
1166.44885 11.72650 6.50091 4.67584
1169.31832 11.73096 6.50267 4.67748
1172.18779 11.73533 6.50440 4.67911
1175.05726 11.73960 6.50609 4.68072
1177.92673 11.74386 6.50777 4.68233
1180.79620 11.74812 6.50946 4.68394
1183.66567 11.75238 6.51115 4.68555
1186.53514 11.75664 6.51283 4.68716
1189.40460 11.76090 6.51452 4.68878
1192.27407 11.76517 6.51621 4.69039
1195.14354 11.76943 6.51790 4.69200
1198.01301 11.77369 6.51958 4.69361
1200.88248 11.77795 6.52127 4.69522
1203.75195 11.78221 6.52296 4.69683
1206.62142 11.78647 6.52465 4.69844
1209.49089 11.79074 6.52633 4.70006
1212.36036 11.79500 6.52802 4.70167
1215.22983 11.79926 6.52971 4.70328
1218.09930 11.80352 6.53139 4.70489
1220.96877 11.80778 6.53308 4.70650
1223.83824 11.81205 6.53477 4.70811
1226.70771 11.81631 6.53646 4.70973
1229.57718 11.82057 6.53814 4.71134
1232.44665 11.82483 6.53983 4.71295
1235.31612 11.82909 6.54152 4.71456
1238.18559 11.83335 6.54321 4.71617
1241.05506 11.83762 6.54489 4.71778
1243.92452 11.84188 6.54658 4.71939
1246.79399 11.84614 6.54827 4.72101
1249.66346 11.85040 6.54995 4.72262
1252.53293 11.85466 6.55164 4.72423
1255.40240 11.85892 6.55333 4.72584
1258.27187 11.86319 6.55502 4.72745
1261.14134 11.86745 6.55670 4.72906
1264.01081 11.87171 6.55839 4.73067
1266.88028 11.87597 6.56008 4.73229
1269.74975 11.88023 6.56176 4.73390
1272.61922 11.88440 6.56341 4.73549
1275.48869 11.88848 6.56503 4.73708
1278.35816 11.89257 6.56665 4.73866
1281.22763 11.89665 6.56827 4.74025
1284.09710 11.90074 6.56989 4.74183
1286.96657 11.90482 6.57151 4.74342
1289.83604 11.90890 6.57313 4.74500
1292.70551 11.91299 6.57474 4.74659
1295.57497 11.91707 6.57636 4.74817
1298.44444 11.92116 6.57798 4.74976
1301.31391 11.92524 6.57960 4.75134
1304.18338 11.92933 6.58122 4.75293
1307.05285 11.93341 6.58284 4.75451
1309.92232 11.93750 6.58446 4.75610
1312.79179 11.94158 6.58607 4.75768
1315.66126 11.94567 6.58769 4.75927
1318.53073 11.94975 6.58931 4.76085
1321.40020 11.95384 6.59093 4.76244
1324.26967 11.95792 6.59255 4.76402
1327.13914 11.96201 6.59417 4.76561
1330.00861 11.96609 6.59579 4.76719
1332.87808 11.97018 6.59741 4.76878
1335.74755 11.97426 6.59902 4.77036
1338.61702 11.97835 6.60064 4.77194
1341.48649 11.98243 6.60226 4.77353
1344.35596 11.98652 6.60388 4.77511
1347.22543 11.99060 6.60550 4.77670
1350.09489 11.99469 6.60712 4.77828
1352.96436 11.99877 6.60874 4.77987
1355.83383 12.00286 6.61035 4.78145
1358.70330 12.00694 6.61197 4.78304
1361.57277 12.01103 6.61359 4.78462
1364.44224 12.01511 6.61521 4.78621
1367.31171 12.01920 6.61683 4.78779
1370.18118 12.02328 6.61845 4.78938
1373.05065 12.02726 6.62002 4.79095
1375.92012 12.03118 6.62158 4.79251
1378.78959 12.03511 6.62314 4.79407
1381.65906 12.03903 6.62469 4.79563
1384.52853 12.04296 6.62625 4.79719
1387.39800 12.04688 6.62781 4.79875
1390.26747 12.05081 6.62936 4.80031
1393.13694 12.05474 6.63092 4.80187
1396.00641 12.05866 6.63248 4.80343
1398.87588 12.06259 6.63404 4.80499
1401.74535 12.06651 6.63559 4.80655
1404.61481 12.07044 6.63715 4.80811
1407.48428 12.07436 6.63871 4.80967
1410.35375 12.07829 6.64026 4.81123
1413.22322 12.08222 6.64182 4.81280
1416.09269 12.08614 6.64338 4.81436
1418.96216 12.09007 6.64493 4.81592
1421.83163 12.09399 6.64649 4.81748
1424.70110 12.09792 6.64805 4.81904
1427.57057 12.10184 6.64961 4.82060
1430.44004 12.10577 6.65116 4.82216
1433.30951 12.10970 6.65272 4.82372
1436.17898 12.11362 6.65428 4.82528
1439.04845 12.11755 6.65583 4.82684
1441.91792 12.12147 6.65739 4.82840
1444.78739 12.12540 6.65895 4.82996
1447.65686 12.12932 6.66050 4.83152
1450.52633 12.13325 6.66206 4.83308
1453.39580 12.13718 6.66362 4.83465
1456.26527 12.14110 6.66517 4.83621
1459.13473 12.14503 6.66673 4.83777
1462.00420 12.14895 6.66829 4.83933
1464.87367 12.15288 6.66985 4.84089
1467.74314 12.15680 6.67140 4.84245
1470.61261 12.16073 6.67296 4.84401
1473.48208 12.16453 6.67447 4.84555
1476.35155 12.16832 6.67597 4.84709
1479.22102 12.17210 6.67747 4.84863
1482.09049 12.17589 6.67897 4.85017
1484.95996 12.17967 6.68047 4.85170
1487.82943 12.18346 6.68197 4.85324
1490.69890 12.18724 6.68347 4.85478
1493.56837 12.19103 6.68498 4.85632
1496.43784 12.19481 6.68648 4.85786
1499.30731 12.19860 6.68798 4.85940
1502.17678 12.20238 6.68948 4.86093
1505.04625 12.20617 6.69098 4.86247
1507.91572 12.20995 6.69248 4.86401
1510.78519 12.21374 6.69398 4.86555
1513.65465 12.21752 6.69548 4.86709
1516.52412 12.22131 6.69698 4.86863
1519.39359 12.22509 6.69848 4.87016
1522.26306 12.22888 6.69999 4.87170
1525.13253 12.23266 6.70149 4.87324
1528.00200 12.23645 6.70299 4.87478
1530.87147 12.24023 6.70449 4.87632
1533.74094 12.24402 6.70599 4.87786
1536.61041 12.24780 6.70749 4.87939
1539.47988 12.25158 6.70899 4.88093
1542.34935 12.25537 6.71049 4.88247
1545.21882 12.25915 6.71199 4.88401
1548.08829 12.26294 6.71349 4.88555
1550.95776 12.26672 6.71500 4.88709
1553.82723 12.27051 6.71650 4.88862
1556.69670 12.27429 6.71800 4.89016
1559.56617 12.27808 6.71950 4.89170
1562.43564 12.28186 6.72100 4.89324
1565.30511 12.28565 6.72250 4.89478
1568.17457 12.28943 6.72400 4.89632
1571.04404 12.29322 6.72550 4.89785
1573.91351 12.29688 6.72695 4.89937
1576.78298 12.30054 6.72841 4.90089
1579.65245 12.30420 6.72986 4.90241
1582.52192 12.30786 6.73131 4.90393
1585.39139 12.31152 6.73276 4.90544
1588.26086 12.31518 6.73421 4.90696
1591.13033 12.31884 6.73566 4.90848
1593.99980 12.32251 6.73711 4.91000
1596.86927 12.32617 6.73856 4.91151
1599.73874 12.32983 6.74002 4.91303
1602.60821 12.33349 6.74147 4.91455
1605.47768 12.33715 6.74292 4.91607
1608.34715 12.34081 6.74437 4.91759
1611.21662 12.34447 6.74582 4.91910
1614.08609 12.34813 6.74727 4.92062
1616.95556 12.35179 6.74872 4.92214
1619.82503 12.35546 6.75018 4.92366
1622.69449 12.35912 6.75163 4.92518
1625.56396 12.36278 6.75308 4.92669
1628.43343 12.36644 6.75453 4.92821
1631.30290 12.37010 6.75598 4.92973
1634.17237 12.37376 6.75743 4.93125
1637.04184 12.37742 6.75888 4.93277
1639.91131 12.38108 6.76034 4.93428
1642.78078 12.38475 6.76179 4.93580
1645.65025 12.38841 6.76324 4.93732
1648.51972 12.39207 6.76469 4.93884
1651.38919 12.39573 6.76614 4.94036
1654.25866 12.39939 6.76759 4.94187
1657.12813 12.40305 6.76904 4.94339
1659.99760 12.40671 6.77049 4.94491
1662.86707 12.41037 6.77195 4.94643
1665.73654 12.41403 6.77340 4.94795
1668.60601 12.41770 6.77485 4.94946
1671.47548 12.42134 6.77629 4.95098
1674.34494 12.42489 6.77770 4.95248
1677.21441 12.42845 6.77911 4.95398
1680.08388 12.43201 6.78052 4.95548
1682.95335 12.43556 6.78192 4.95698
1685.82282 12.43912 6.78333 4.95848
1688.69229 12.44267 6.78474 4.95998
1691.56176 12.44623 6.78615 4.96148
1694.43123 12.44978 6.78756 4.96298
1697.30070 12.45334 6.78896 4.96447
1700.17017 12.45689 6.79037 4.96597
1703.03964 12.46045 6.79178 4.96747
1705.90911 12.46401 6.79319 4.96897
1708.77858 12.46756 6.79459 4.97047
1711.64805 12.47112 6.79600 4.97197
1714.51752 12.47467 6.79741 4.97347
1717.38699 12.47823 6.79882 4.97497
1720.25646 12.48178 6.80023 4.97647
1723.12593 12.48534 6.80163 4.97797
1725.99540 12.48889 6.80304 4.97947
1728.86486 12.49245 6.80445 4.98097
1731.73433 12.49601 6.80586 4.98247
1734.60380 12.49956 6.80726 4.98397
1737.47327 12.50312 6.80867 4.98547
1740.34274 12.50667 6.81008 4.98697
1743.21221 12.51023 6.81149 4.98847
1746.08168 12.51378 6.81290 4.98997
1748.95115 12.51734 6.81430 4.99147
1751.82062 12.52089 6.81571 4.99297
1754.69009 12.52445 6.81712 4.99447
1757.55956 12.52801 6.81853 4.99597
1760.42903 12.53156 6.81993 4.99747
1763.29850 12.53512 6.82134 4.99897
1766.16797 12.53867 6.82275 5.00046
1769.03744 12.54223 6.82416 5.00196
1771.90691 12.54576 6.82555 5.00346
1774.77638 12.54922 6.82692 5.00494
1777.64585 12.55269 6.82829 5.00643
1780.51532 12.55616 6.82967 5.00791
1783.38478 12.55963 6.83104 5.00939
1786.25425 12.56309 6.83241 5.01088
1789.12372 12.56656 6.83378 5.01236
1791.99319 12.57003 6.83515 5.01384
1794.86266 12.57350 6.83652 5.01533
1797.73213 12.57696 6.83789 5.01681
1800.60160 12.58043 6.83926 5.01829
1803.47107 12.58390 6.84063 5.01978
1806.34054 12.58737 6.84200 5.02126
1809.21001 12.59083 6.84337 5.02274
1812.07948 12.59430 6.84474 5.02423
1814.94895 12.59777 6.84611 5.02571
1817.81842 12.60124 6.84749 5.02720
1820.68789 12.60470 6.84886 5.02868
1823.55736 12.60817 6.85023 5.03016
1826.42683 12.61164 6.85160 5.03165
1829.29630 12.61511 6.85297 5.03313
1832.16577 12.61857 6.85434 5.03461
1835.03524 12.62204 6.85571 5.03610
1837.90470 12.62551 6.85708 5.03758
1840.77417 12.62898 6.85845 5.03906
1843.64364 12.63244 6.85982 5.04055
1846.51311 12.63591 6.86119 5.04203
1849.38258 12.63938 6.86256 5.04351
1852.25205 12.64284 6.86393 5.04500
1855.12152 12.64631 6.86530 5.04648
1857.99099 12.64978 6.86668 5.04796
1860.86046 12.65325 6.86805 5.04945
1863.72993 12.65671 6.86942 5.05093
1866.59940 12.66018 6.87079 5.05241
1869.46887 12.66365 6.87216 5.05390
1872.33834 12.66708 6.87351 5.05538
1875.20781 12.67048 6.87485 5.05684
1878.07728 12.67388 6.87619 5.05831
1880.94675 12.67728 6.87753 5.05978
1883.81622 12.68067 6.87887 5.06125
1886.68569 12.68407 6.88021 5.06272
1889.55516 12.68747 6.88155 5.06419
1892.42462 12.69086 6.88289 5.06566
1895.29409 12.69426 6.88423 5.06713
1898.16356 12.69766 6.88557 5.06860
1901.03303 12.70106 6.88691 5.07007
1903.90250 12.70445 6.88825 5.07154
1906.77197 12.70785 6.88959 5.07301
1909.64144 12.71125 6.89093 5.07448
1912.51091 12.71464 6.89227 5.07595
1915.38038 12.71804 6.89361 5.07742
1918.24985 12.72144 6.89495 5.07889
1921.11932 12.72484 6.89629 5.08036
1923.98879 12.72823 6.89763 5.08183
1926.85826 12.73163 6.89896 5.08330
1929.72773 12.73503 6.90030 5.08476
1932.59720 12.73842 6.90164 5.08623
1935.46667 12.74182 6.90298 5.08770
1938.33614 12.74522 6.90432 5.08917
1941.20561 12.74862 6.90566 5.09064
1944.07508 12.75201 6.90700 5.09211
1946.94454 12.75541 6.90834 5.09358
1949.81401 12.75881 6.90968 5.09505
1952.68348 12.76221 6.91102 5.09652
1955.55295 12.76560 6.91236 5.09799
1958.42242 12.76900 6.91370 5.09946
1961.29189 12.77240 6.91504 5.10093
1964.16136 12.77579 6.91638 5.10240
1967.03083 12.77919 6.91772 5.10387
1969.90030 12.78259 6.91906 5.10534
1972.76977 12.78595 6.92038 5.10680
1975.63924 12.78930 6.92170 5.10826
1978.50871 12.79264 6.92301 5.10971
1981.37818 12.79599 6.92432 5.11117
1984.24765 12.79933 6.92564 5.11263
1987.11712 12.80268 6.92695 5.11409
1989.98659 12.80602 6.92827 5.11554
1992.85606 12.80937 6.92958 5.11700
1995.72553 12.81271 6.93090 5.11846
1998.59499 12.81605 6.93221 5.11992
2001.46446 12.81940 6.93353 5.12137
2004.33393 12.82274 6.93484 5.12283
2007.20340 12.82609 6.93615 5.12429
2010.07287 12.82943 6.93747 5.12575
2012.94234 12.83278 6.93878 5.12720
2015.81181 12.83612 6.94010 5.12866
2018.68128 12.83947 6.94141 5.13012
2021.55075 12.84281 6.94273 5.13157
2024.42022 12.84616 6.94404 5.13303
2027.28969 12.84950 6.94536 5.13449
2030.15916 12.85285 6.94667 5.13595
2033.02863 12.85619 6.94799 5.13740
2035.89810 12.85954 6.94930 5.13886
2038.76757 12.86288 6.95061 5.14032
2041.63704 12.86622 6.95193 5.14178
2044.50651 12.86957 6.95324 5.14323
2047.37598 12.87291 6.95456 5.14469
2050.24545 12.87626 6.95587 5.14615
2053.11491 12.87960 6.95719 5.14761
2055.98438 12.88295 6.95850 5.14906
2058.85385 12.88629 6.95982 5.15052
2061.72332 12.88964 6.96113 5.15198
2064.59279 12.89298 6.96244 5.15344
2067.46226 12.89633 6.96376 5.15489
2070.33173 12.89967 6.96507 5.15635
2073.20120 12.90299 6.96637 5.15780
2076.07067 12.90630 6.96767 5.15925
2078.94014 12.90961 6.96896 5.16070
2081.80961 12.91292 6.97026 5.16214
2084.67908 12.91623 6.97156 5.16359
2087.54855 12.91954 6.97285 5.16504
2090.41802 12.92285 6.97415 5.16648
2093.28749 12.92616 6.97544 5.16793
2096.15696 12.92947 6.97674 5.16938
2099.02643 12.93278 6.97803 5.17083
2101.89590 12.93609 6.97933 5.17227
2104.76537 12.93939 6.98063 5.17372
2107.63483 12.94270 6.98192 5.17517
2110.50430 12.94601 6.98322 5.17662
2113.37377 12.94932 6.98451 5.17806
2116.24324 12.95263 6.98581 5.17951
2119.11271 12.95594 6.98710 5.18096
2121.98218 12.95925 6.98840 5.18241
2124.85165 12.96256 6.98969 5.18385
2127.72112 12.96587 6.99099 5.18530
2130.59059 12.96918 6.99229 5.18675
2133.46006 12.97249 6.99358 5.18819
2136.32953 12.97580 6.99488 5.18964
2139.19900 12.97911 6.99617 5.19109
2142.06847 12.98242 6.99747 5.19254
2144.93794 12.98573 6.99876 5.19398
2147.80741 12.98904 7.00006 5.19543
2150.67688 12.99235 7.00135 5.19688
2153.54635 12.99566 7.00265 5.19833
2156.41582 12.99897 7.00395 5.19977
2159.28529 13.00228 7.00524 5.20122
2162.15475 13.00559 7.00654 5.20267
2165.02422 13.00890 7.00783 5.20412
2167.89369 13.01221 7.00913 5.20556
2170.76316 13.01552 7.01042 5.20701
2173.63263 13.01881 7.01171 5.20845
2176.50210 13.02210 7.01299 5.20989
2179.37157 13.02540 7.01427 5.21133
2182.24104 13.02869 7.01556 5.21277
2185.11051 13.03198 7.01684 5.21421
2187.97998 13.03528 7.01812 5.21565
2190.84945 13.03857 7.01941 5.21709
2193.71892 13.04186 7.02069 5.21853
2196.58839 13.04516 7.02197 5.21997
2199.45786 13.04845 7.02326 5.22140
2202.32733 13.05174 7.02454 5.22284
2205.19680 13.05503 7.02582 5.22428
2208.06627 13.05833 7.02711 5.22572
2210.93574 13.06162 7.02839 5.22716
2213.80521 13.06491 7.02967 5.22860
2216.67467 13.06821 7.03096 5.23004
2219.54414 13.07150 7.03224 5.23148
2222.41361 13.07479 7.03352 5.23292
2225.28308 13.07809 7.03481 5.23436
2228.15255 13.08138 7.03609 5.23580
2231.02202 13.08467 7.03737 5.23724
2233.89149 13.08796 7.03866 5.23868
2236.76096 13.09126 7.03994 5.24012
2239.63043 13.09455 7.04122 5.24156
2242.49990 13.09784 7.04250 5.24299
2245.36937 13.10114 7.04379 5.24443
2248.23884 13.10443 7.04507 5.24587
2251.10831 13.10772 7.04635 5.24731
2253.97778 13.11102 7.04764 5.24875
2256.84725 13.11431 7.04892 5.25019
2259.71672 13.11760 7.05020 5.25163
2262.58619 13.12089 7.05149 5.25307
2265.45566 13.12419 7.05277 5.25451
2268.32513 13.12748 7.05405 5.25595
2271.19459 13.13077 7.05534 5.25739
2274.06406 13.13407 7.05661 5.25882
2276.93353 13.13736 7.05789 5.26025
2279.80300 13.14065 7.05917 5.26169
2282.67247 13.14395 7.06044 5.26312
2285.54194 13.14724 7.06172 5.26455
2288.41141 13.15053 7.06300 5.26599
2291.28088 13.15383 7.06427 5.26742
2294.15035 13.15712 7.06555 5.26885
2297.01982 13.16041 7.06683 5.27029
2299.88929 13.16371 7.06810 5.27172
2302.75876 13.16700 7.06938 5.27315
2305.62823 13.17029 7.07066 5.27459
2308.49770 13.17359 7.07193 5.27602
2311.36717 13.17688 7.07321 5.27745
2314.23664 13.18017 7.07449 5.27889
2317.10611 13.18347 7.07576 5.28032
2319.97558 13.18676 7.07704 5.28175
2322.84505 13.19005 7.07832 5.28319
2325.71451 13.19335 7.07959 5.28462
2328.58398 13.19664 7.08087 5.28605
2331.45345 13.19993 7.08215 5.28749
2334.32292 13.20323 7.08342 5.28892
2337.19239 13.20652 7.08470 5.29035
2340.06186 13.20981 7.08598 5.29179
2342.93133 13.21311 7.08725 5.29322
2345.80080 13.21640 7.08853 5.29465
2348.67027 13.21969 7.08981 5.29609
2351.53974 13.22299 7.09108 5.29752
2354.40921 13.22628 7.09236 5.29895
2357.27868 13.22957 7.09364 5.30039
2360.14815 13.23287 7.09491 5.30182
2363.01762 13.23616 7.09619 5.30325
2365.88709 13.23945 7.09747 5.30469
2368.75656 13.24275 7.09874 5.30612
2371.62603 13.24604 7.10002 5.30755
2374.49550 13.24935 7.10130 5.30898
2377.36496 13.25267 7.10257 5.31041
2380.23443 13.25598 7.10385 5.31184
2383.10390 13.25929 7.10513 5.31327
2385.97337 13.26260 7.10640 5.31470
2388.84284 13.26591 7.10768 5.31613
2391.71231 13.26923 7.10895 5.31756
2394.58178 13.27254 7.11023 5.31899
2397.45125 13.27585 7.11151 5.32042
2400.32072 13.27916 7.11278 5.32185
2403.19019 13.28247 7.11406 5.32328
2406.05966 13.28579 7.11534 5.32471
2408.92913 13.28910 7.11661 5.32614
2411.79860 13.29241 7.11789 5.32757
2414.66807 13.29572 7.11917 5.32900
2417.53754 13.29903 7.12044 5.33043
2420.40701 13.30235 7.12172 5.33185
2423.27648 13.30566 7.12300 5.33328
2426.14595 13.30897 7.12427 5.33471
2429.01542 13.31228 7.12555 5.33614
2431.88488 13.31559 7.12683 5.33757
2434.75435 13.31891 7.12810 5.33900
2437.62382 13.32222 7.12938 5.34043
2440.49329 13.32553 7.13066 5.34186
2443.36276 13.32884 7.13193 5.34329
2446.23223 13.33215 7.13321 5.34472
2449.10170 13.33546 7.13449 5.34615
2451.97117 13.33878 7.13576 5.34758
2454.84064 13.34209 7.13704 5.34901
2457.71011 13.34540 7.13832 5.35044
2460.57958 13.34871 7.13959 5.35187
2463.44905 13.35202 7.14087 5.35330
2466.31852 13.35534 7.14215 5.35473
2469.18799 13.35865 7.14342 5.35616
2472.05746 13.36197 7.14470 5.35759
2474.92693 13.36532 7.14598 5.35901
2477.79640 13.36867 7.14727 5.36044
2480.66587 13.37202 7.14855 5.36187
2483.53534 13.37537 7.14983 5.36330
2486.40480 13.37871 7.15111 5.36472
2489.27427 13.38206 7.15240 5.36615
2492.14374 13.38541 7.15368 5.36758
2495.01321 13.38876 7.15496 5.36901
2497.88268 13.39211 7.15624 5.37043
2500.75215 13.39545 7.15753 5.37186
2503.62162 13.39880 7.15881 5.37329
2506.49109 13.40215 7.16009 5.37472
2509.36056 13.40550 7.16137 5.37614
2512.23003 13.40885 7.16266 5.37757
2515.09950 13.41220 7.16394 5.37900
2517.96897 13.41554 7.16522 5.38043
2520.83844 13.41889 7.16650 5.38185
2523.70791 13.42224 7.16779 5.38328
2526.57738 13.42559 7.16907 5.38471
2529.44685 13.42894 7.17035 5.38614
2532.31632 13.43228 7.17163 5.38756
2535.18579 13.43563 7.17291 5.38899
2538.05526 13.43898 7.17420 5.39042
2540.92472 13.44233 7.17548 5.39185
2543.79419 13.44568 7.17676 5.39328
2546.66366 13.44902 7.17804 5.39470
2549.53313 13.45237 7.17933 5.39613
2552.40260 13.45572 7.18061 5.39756
2555.27207 13.45907 7.18189 5.39899
2558.14154 13.46242 7.18317 5.40041
2561.01101 13.46576 7.18446 5.40184
2563.88048 13.46911 7.18574 5.40327
2566.74995 13.47246 7.18702 5.40470
2569.61942 13.47581 7.18830 5.40612
2572.48889 13.47919 7.18959 5.40755
2575.35836 13.48259 7.19089 5.40898
2578.22783 13.48599 7.19218 5.41041
2581.09730 13.48939 7.19347 5.41183
2583.96677 13.49279 7.19477 5.41326
2586.83624 13.49619 7.19606 5.41469
2589.70571 13.49960 7.19736 5.41612
2592.57518 13.50300 7.19865 5.41755
2595.44464 13.50640 7.19995 5.41897
2598.31411 13.50980 7.20124 5.42040
2601.18358 13.51320 7.20254 5.42183
2604.05305 13.51660 7.20383 5.42326
2606.92252 13.52001 7.20512 5.42469
2609.79199 13.52341 7.20642 5.42611
2612.66146 13.52681 7.20771 5.42754
2615.53093 13.53021 7.20901 5.42897
2618.40040 13.53361 7.21030 5.43040
2621.26987 13.53701 7.21160 5.43182
2624.13934 13.54042 7.21289 5.43325
2627.00881 13.54382 7.21419 5.43468
2629.87828 13.54722 7.21548 5.43611
2632.74775 13.55062 7.21677 5.43754
2635.61722 13.55402 7.21807 5.43896
2638.48669 13.55743 7.21936 5.44039
2641.35616 13.56083 7.22066 5.44182
2644.22563 13.56423 7.22195 5.44325
2647.09510 13.56763 7.22325 5.44467
2649.96456 13.57103 7.22454 5.44610
2652.83403 13.57443 7.22584 5.44753
2655.70350 13.57784 7.22713 5.44896
2658.57297 13.58124 7.22842 5.45039
2661.44244 13.58464 7.22972 5.45181
2664.31191 13.58804 7.23101 5.45324
2667.18138 13.59144 7.23231 5.45467
2670.05085 13.59484 7.23360 5.45610
2672.92032 13.59829 7.23491 5.45753
2675.78979 13.60175 7.23622 5.45896
2678.65926 13.60521 7.23752 5.46039
2681.52873 13.60867 7.23883 5.46182
2684.39820 13.61213 7.24014 5.46325
2687.26767 13.61559 7.24145 5.46468
2690.13714 13.61905 7.24276 5.46611
2693.00661 13.62252 7.24407 5.46754
2695.87608 13.62598 7.24538 5.46897
2698.74555 13.62944 7.24669 5.47040
2701.61502 13.63290 7.24800 5.47183
2704.48448 13.63636 7.24931 5.47325
2707.35395 13.63982 7.25062 5.47468
2710.22342 13.64328 7.25193 5.47611
2713.09289 13.64675 7.25324 5.47754
2715.96236 13.65021 7.25455 5.47897
2718.83183 13.65367 7.25585 5.48040
2721.70130 13.65713 7.25716 5.48183
2724.57077 13.66059 7.25847 5.48326
2727.44024 13.66405 7.25978 5.48469
2730.30971 13.66751 7.26109 5.48612
2733.17918 13.67098 7.26240 5.48755
2736.04865 13.67444 7.26371 5.48898
2738.91812 13.67790 7.26502 5.49041
2741.78759 13.68060 7.26596 5.49184
2744.65706 13.68128 7.26594 5.49327
2747.52653 13.68196 7.26592 5.49471
2750.39600 13.68264 7.26590 5.49614
2753.26547 13.68332 7.26588 5.49757
2756.13493 13.68400 7.26586 5.49900
2759.00440 13.68468 7.26584 5.50043
2761.87387 13.68536 7.26582 5.50187
2764.74334 13.68605 7.26580 5.50330
2767.61281 13.68673 7.26577 5.50473
2770.48228 13.68741 7.26575 5.50616
2773.35175 13.68810 7.26573 5.50760
2776.22122 13.68879 7.26570 5.50903
2779.09069 13.68948 7.26568 5.51046
2781.96016 13.69018 7.26565 5.51190
2784.82963 13.69087 7.26563 5.51333
2787.69910 13.69156 7.26560 5.51477
2790.56857 13.69226 7.26558 5.51620
2793.43804 13.69295 7.26555 5.51764
2796.30751 13.69364 7.26552 5.51907
2799.17698 13.69433 7.26550 5.52051
2802.04645 13.69503 7.26547 5.52194
2804.91592 13.69572 7.26545 5.52337
2807.78539 13.69641 7.26542 5.52481
2810.65485 13.69711 7.26540 5.52624
2813.52432 13.69780 7.26537 5.52768
2816.39379 13.69849 7.26535 5.52911
2819.26326 13.69919 7.26532 5.53055
2822.13273 13.69988 7.26529 5.53198
2825.00220 13.70057 7.26527 5.53342
2827.87167 13.70126 7.26524 5.53485
2830.74114 13.70196 7.26522 5.53628
2833.61061 13.70265 7.26519 5.53772
2836.48008 13.70334 7.26517 5.53915
2839.34955 13.70404 7.26514 5.54059
2842.21902 13.70473 7.26512 5.54202
2845.08849 13.70542 7.26509 5.54346
2847.95796 13.70612 7.26507 5.54489
2850.82743 13.70681 7.26504 5.54633
2853.69690 13.70750 7.26501 5.54776
2856.56637 13.70819 7.26499 5.54919
2859.43584 13.70889 7.26496 5.55063
2862.30531 13.70958 7.26494 5.55206
2865.17477 13.71027 7.26491 5.55350
2868.04424 13.71097 7.26489 5.55493
2870.91371 13.71166 7.26486 5.55637
2873.78318 13.71236 7.26483 5.55781
2876.65265 13.71307 7.26480 5.55925
2879.52212 13.71378 7.26477 5.56069
2882.39159 13.71448 7.26475 5.56213
2885.26106 13.71519 7.26472 5.56357
2888.13053 13.71589 7.26469 5.56501
2891.00000 13.71660 7.26466 5.56645
