0.00000 1.45000 0.00000 1.02000
0.49796 1.45000 0.00000 1.02000
0.99592 1.45000 0.00000 1.02000
1.49388 1.45000 0.00000 1.02000
1.99184 1.45000 0.00000 1.02000
2.48980 1.45000 0.00000 1.02000
2.98776 1.45000 0.00000 1.02000
3.48571 5.80000 3.20000 2.60000
3.98367 5.80000 3.20000 2.60000
4.48163 5.80000 3.20000 2.60000
4.97959 5.80000 3.20000 2.60000
5.47755 5.80000 3.20000 2.60000
5.97551 5.80000 3.20000 2.60000
6.47347 5.80000 3.20000 2.60000
6.97143 5.80000 3.20000 2.60000
7.46939 5.80000 3.20000 2.60000
7.96735 5.80000 3.20000 2.60000
8.46531 5.80000 3.20000 2.60000
8.96327 5.80000 3.20000 2.60000
9.46122 5.80000 3.20000 2.60000
9.95918 5.80000 3.20000 2.60000
10.45714 5.80000 3.20000 2.60000
10.95510 5.80000 3.20000 2.60000
11.45306 5.80000 3.20000 2.60000
11.95102 5.80000 3.20000 2.60000
12.44898 5.80000 3.20000 2.60000
12.94694 5.80000 3.20000 2.60000
13.44490 5.80000 3.20000 2.60000
13.94286 5.80000 3.20000 2.60000
14.44082 5.80000 3.20000 2.60000
14.93878 5.80000 3.20000 2.60000
15.43673 6.80000 3.90000 2.90000
15.93469 6.80000 3.90000 2.90000
16.43265 6.80000 3.90000 2.90000
16.93061 6.80000 3.90000 2.90000
17.42857 6.80000 3.90000 2.90000
17.92653 6.80000 3.90000 2.90000
18.42449 6.80000 3.90000 2.90000
18.92245 6.80000 3.90000 2.90000
19.42041 6.80000 3.90000 2.90000
19.91837 6.80000 3.90000 2.90000
20.41633 6.80000 3.90000 2.90000
20.91429 6.80000 3.90000 2.90000
21.41224 6.80000 3.90000 2.90000
21.91020 6.80000 3.90000 2.90000
22.40816 6.80000 3.90000 2.90000
22.90612 6.80000 3.90000 2.90000
23.40408 6.80000 3.90000 2.90000
23.90204 6.80000 3.90000 2.90000
24.40000 6.80000 3.90000 2.90000
24.40000 8.01268 4.56151 3.28984
27.26951 8.01050 4.55623 3.29107
30.13902 8.00837 4.55100 3.29230
33.00853 8.00632 4.54584 3.29354
35.87804 8.00443 4.54084 3.29481
38.74755 8.00269 4.53603 3.29610
41.61706 8.00108 4.53134 3.29741
44.48657 7.99957 4.52676 3.29874
47.35608 7.99824 4.52237 3.30013
50.22559 7.99704 4.51812 3.30155
53.09510 7.99595 4.51400 3.30299
55.96460 7.99497 4.51002 3.30447
58.83411 7.99415 4.50624 3.30602
61.70362 7.99344 4.50258 3.30761
64.57313 7.99284 4.49905 3.30924
67.44264 7.99238 4.49573 3.31092
70.31215 7.99206 4.49256 3.31267
73.18166 7.99184 4.48952 3.31448
76.05117 7.99171 4.48662 3.31634
78.92068 7.99180 4.48400 3.31830
81.79019 7.99184 4.48139 3.32032
84.65970 7.99212 4.47903 3.32237
87.52921 7.99252 4.47681 3.32448
90.39872 7.99303 4.47474 3.32666
93.26823 7.99364 4.47280 3.32888
96.13774 7.99441 4.47107 3.33115
99.00725 7.99526 4.46942 3.33345
101.87676 7.99632 4.46802 3.33581
104.74627 7.99743 4.46666 3.33819
107.61578 7.99880 4.46559 3.34063
110.48529 8.00017 4.46452 3.34307
113.35479 8.00185 4.46378 3.34559
116.22430 8.00354 4.46304 3.34811
119.09381 8.00554 4.46258 3.35066
121.96332 8.00758 4.46216 3.35321
124.83283 8.00990 4.46199 3.35580
127.70234 8.01230 4.46188 3.35841
130.57185 8.01497 4.46198 3.36102
133.44136 8.01779 4.46219 3.36365
136.31087 8.02082 4.46256 3.36627
139.18038 8.02404 4.46307 3.36890
142.04989 8.02744 4.46371 3.37153
144.91940 8.03111 4.46455 3.37416
147.78891 8.03492 4.46547 3.37679
150.65842 8.03905 4.46659 3.37941
153.52793 8.04328 4.46778 3.38202
156.39744 8.04790 4.46922 3.38461
159.26695 8.05256 4.47068 3.38719
162.13646 8.05772 4.47242 3.38975
165.00597 8.06288 4.47415 3.39231
167.87548 8.06855 4.47615 3.39485
170.74498 8.07427 4.47818 3.39738
173.61449 8.08045 4.48043 3.39988
176.48400 8.08674 4.48274 3.40236
179.35351 8.09346 4.48524 3.40483
182.22302 8.10038 4.48783 3.40728
185.09253 8.10765 4.49057 3.40971
187.96204 8.11520 4.49343 3.41212
190.83155 8.12305 4.49640 3.41451
193.70106 8.13127 4.49951 3.41687
196.57057 8.13971 4.50269 3.41921
199.44008 8.14862 4.50604 3.42152
202.30959 8.15768 4.50943 3.42382
205.17910 8.16732 4.51301 3.42607
208.04861 8.17702 4.51660 3.42832
210.91812 8.18743 4.52039 3.43052
213.78763 8.19785 4.52419 3.43272
216.65714 8.20894 4.52815 3.43485
219.52665 8.22007 4.53212 3.43699
222.39616 8.23213 4.53632 3.43908
225.26567 8.24411 4.54049 3.44114
228.13518 8.25662 4.54469 3.44317
231.00468 8.26945 4.54891 3.44517
233.87419 8.28259 4.55307 3.44714
236.74370 8.29616 4.55713 3.44908
239.61321 8.30986 4.56125 3.45101
242.48272 8.32404 4.56558 3.45289
245.35223 8.33822 4.56990 3.45476
248.22174 8.35285 4.57440 3.45659
251.09125 8.36747 4.57889 3.45841
253.96076 8.38240 4.58358 3.46021
256.83027 8.39740 4.58832 3.46201
259.69978 8.41255 4.59317 3.46377
262.56929 8.42778 4.59809 3.46552
265.43880 8.44304 4.60307 3.46726
268.30831 8.45833 4.60814 3.46899
271.17782 8.47363 4.61323 3.47071
274.04733 8.48892 4.61845 3.47241
276.91684 8.50422 4.62367 3.47411
279.78635 8.51936 4.62897 3.47580
282.65586 8.53450 4.63428 3.47748
285.52537 8.54940 4.63963 3.47917
288.39487 8.56422 4.64500 3.48086
291.26438 8.57883 4.65039 3.48254
294.13389 8.59327 4.65581 3.48423
297.00340 8.60751 4.66122 3.48591
299.87291 8.62139 4.66663 3.48760
302.74242 8.63518 4.67203 3.48929
305.61193 8.64841 4.67740 3.49099
308.48144 8.66163 4.68277 3.49269
311.35095 8.67427 4.68808 3.49440
314.22046 8.68688 4.69338 3.49611
317.08997 8.69899 4.69859 3.49784
319.95948 8.71093 4.70377 3.49957
322.82899 8.72251 4.70885 3.50129
325.69850 8.73376 4.71385 3.50302
328.56801 8.74480 4.71879 3.50476
331.43752 8.75539 4.72359 3.50650
334.30703 8.76591 4.72837 3.50825
337.17654 8.77580 4.73291 3.50999
340.04605 8.78569 4.73746 3.51174
342.91556 8.79494 4.74173 3.51348
345.78507 8.80411 4.74596 3.51523
348.65457 8.81280 4.74996 3.51699
351.52408 8.82128 4.75385 3.51876
354.39359 8.82942 4.75757 3.52053
357.26310 8.83721 4.76110 3.52230
360.13261 8.84482 4.76454 3.52406
363.00212 8.85195 4.76771 3.52582
365.87163 8.85904 4.77086 3.52759
368.74114 8.86559 4.77370 3.52937
371.61065 8.87214 4.77654 3.53115
374.48016 8.87822 4.77911 3.53293
377.34967 8.88423 4.78163 3.53471
380.21918 8.88991 4.78394 3.53649
383.08869 8.89543 4.78615 3.53825
385.95820 8.90075 4.78822 3.54003
388.82771 8.90583 4.79013 3.54181
391.69722 8.91084 4.79198 3.54359
394.56673 8.91562 4.79366 3.54536
397.43624 8.92039 4.79534 3.54714
400.30575 8.92510 4.79703 3.54891
403.17526 8.92980 4.79871 3.55069
406.04476 8.93449 4.80038 3.55247
408.91427 8.93917 4.80206 3.55424
411.78378 9.20805 4.99125 3.74463
414.65329 9.22110 4.99845 3.74830
417.52280 9.23406 5.00555 3.75198
420.39231 9.24687 5.01251 3.75565
423.26182 9.25965 5.01942 3.75932
426.13133 9.27231 5.02618 3.76299
429.00084 9.28496 5.03293 3.76666
431.87035 9.29745 5.03952 3.77034
434.73986 9.30993 5.04611 3.77402
437.60937 9.32230 5.05255 3.77768
440.47888 9.33464 5.05897 3.78133
443.34839 9.34692 5.06531 3.78500
446.21790 9.35915 5.07160 3.78866
449.08741 9.37135 5.07784 3.79233
451.95692 9.38350 5.08403 3.79598
454.82643 9.39564 5.09019 3.79964
457.69594 9.40769 5.09626 3.80330
460.56545 9.41975 5.10233 3.80696
463.43495 9.43179 5.10836 3.81061
466.30446 9.44382 5.11438 3.81427
469.17397 9.45584 5.12038 3.81793
472.04348 9.46786 5.12637 3.82158
474.91299 9.47987 5.13234 3.82523
477.78250 9.49188 5.13830 3.82887
480.65201 9.50391 5.14427 3.83252
483.52152 9.51596 5.15025 3.83617
486.39103 9.52803 5.15624 3.83983
489.26054 9.54013 5.16226 3.84348
492.13005 9.55224 5.16827 3.84713
494.99956 9.56440 5.17434 3.85077
497.86907 9.57657 5.18041 3.85440
500.73858 9.58884 5.18655 3.85805
503.60809 9.60114 5.19273 3.86169
506.47760 9.61350 5.19895 3.86534
509.34711 9.62590 5.20521 3.86898
512.21662 9.63833 5.21150 3.87262
515.08613 9.65084 5.21784 3.87626
517.95564 9.66336 5.22419 3.87989
520.82515 9.67599 5.23064 3.88353
523.69465 9.68862 5.23709 3.88717
526.56416 9.70135 5.24363 3.89081
529.43367 9.71410 5.25017 3.89444
532.30318 9.72690 5.25677 3.89808
535.17269 9.73972 5.26340 3.90171
538.04220 9.75260 5.27008 3.90535
540.91171 9.76555 5.27681 3.90900
543.78122 9.77854 5.28356 3.91264
546.65073 9.79160 5.29037 3.91628
549.52024 9.80466 5.29719 3.91991
552.38975 9.81779 5.30406 3.92354
555.25926 9.83091 5.31094 3.92717
558.12877 9.84412 5.31790 3.93081
560.99828 9.85734 5.32487 3.93444
563.86779 9.87063 5.33189 3.93808
566.73730 9.88396 5.33892 3.94171
569.60681 9.89730 5.34599 3.94535
572.47632 9.91068 5.35309 3.94898
575.34583 9.92408 5.36021 3.95261
578.21534 9.93756 5.36738 3.95624
581.08484 9.95104 5.37455 3.95987
583.95435 9.96458 5.38179 3.96350
586.82386 9.97812 5.38902 3.96713
589.69337 9.99170 5.39630 3.97076
592.56288 10.00528 5.40358 3.97439
595.43239 10.01891 5.41090 3.97802
598.30190 10.03258 5.41824 3.98165
601.17141 10.04623 5.42557 3.98528
604.04092 10.05992 5.43291 3.98892
606.91043 10.07359 5.44025 3.99255
609.77994 10.08725 5.44759 3.99618
612.64945 10.10090 5.45492 3.99980
615.51896 10.11456 5.46224 4.00342
618.38847 10.12823 5.46957 4.00705
621.25798 10.14190 5.47691 4.01068
624.12749 10.15558 5.48424 4.01432
626.99700 10.16927 5.49157 4.01794
629.86651 10.18295 5.49890 4.02157
632.73602 10.19662 5.50623 4.02520
635.60553 10.21030 5.51356 4.02882
638.47504 10.22395 5.52088 4.03245
641.34454 10.23762 5.52821 4.03607
644.21405 10.25130 5.53554 4.03969
647.08356 10.26498 5.54287 4.04333
649.95307 10.27866 5.55020 4.04695
652.82258 10.77426 5.93257 4.34146
655.69209 10.78174 5.93998 4.34371
658.56160 10.78923 5.94740 4.34596
661.43111 10.79675 5.95483 4.34820
664.30062 10.80427 5.96226 4.35044
667.17013 10.81182 5.96970 4.35266
670.03964 10.81937 5.97715 4.35488
672.90915 10.82693 5.98460 4.35709
675.77866 10.83455 5.99208 4.35929
678.64817 10.84216 5.99956 4.36149
681.51768 10.84980 6.00705 4.36368
684.38719 10.85746 6.01456 4.36587
687.25670 10.86512 6.02207 4.36805
690.12621 10.87282 6.02961 4.37021
692.99572 10.88053 6.03717 4.37237
695.86523 10.88825 6.04472 4.37452
698.73473 10.89603 6.05232 4.37667
701.60424 10.90380 6.05991 4.37881
704.47375 10.91160 6.06752 4.38094
707.34326 10.91942 6.07515 4.38307
710.21277 10.92724 6.08277 4.38519
713.08228 10.93510 6.09042 4.38730
715.95179 10.94298 6.09808 4.38941
718.82130 10.95086 6.10575 4.39151
721.69081 10.95878 6.11344 4.39360
724.56032 10.96670 6.12114 4.39568
727.42983 10.97427 6.12853 4.39775
730.29934 10.98163 6.13574 4.39982
733.16885 10.98899 6.14296 4.40188
736.03836 10.99636 6.15018 4.40393
738.90787 11.00374 6.15740 4.40598
741.77738 11.01096 6.16464 4.40803
744.64689 11.01793 6.17190 4.41007
747.51640 11.02489 6.17915 4.41211
750.38591 11.03187 6.18641 4.41413
753.25542 11.03884 6.19366 4.41616
756.12492 11.04580 6.20092 4.41818
758.99443 11.05255 6.20828 4.42020
761.86394 11.05930 6.21564 4.42221
764.73345 11.06600 6.22315 4.42422
767.60296 11.07265 6.23084 4.42622
770.47247 11.07929 6.23854 4.42822
773.34198 11.08462 6.24163 4.43021
776.21149 11.08965 6.24369 4.43219
779.08100 11.09468 6.24575 4.43417
781.95051 11.09970 6.24781 4.43615
784.82002 11.10472 6.24986 4.43812
787.68953 11.10973 6.25190 4.44009
790.55904 11.11475 6.25395 4.44205
793.42855 11.11975 6.25599 4.44401
796.29806 11.12475 6.25804 4.44596
799.16757 11.12976 6.26008 4.44791
802.03708 11.13474 6.26211 4.44986
804.90659 11.13972 6.26414 4.45180
807.77610 11.14470 6.26617 4.45374
810.64561 11.14967 6.26820 4.45567
813.51512 11.15464 6.27022 4.45761
816.38462 11.15962 6.27225 4.45954
819.25413 11.16458 6.27427 4.46147
822.12364 11.16953 6.27628 4.46339
824.99315 11.17449 6.27830 4.46530
827.86266 11.17944 6.28031 4.46722
830.73217 11.18437 6.28232 4.46913
833.60168 11.18931 6.28433 4.47105
836.47119 11.19424 6.28634 4.47296
839.34070 11.19917 6.28834 4.47486
842.21021 11.20409 6.29034 4.47676
845.07972 11.20900 6.29234 4.47866
847.94923 11.21391 6.29434 4.48056
850.81874 11.21882 6.29632 4.48245
853.68825 11.22372 6.29831 4.48434
856.55776 11.22862 6.30030 4.48623
859.42727 11.23350 6.30228 4.48811
862.29678 11.23838 6.30426 4.48999
865.16629 11.24327 6.30624 4.49187
868.03580 11.24813 6.30822 4.49375
870.90531 11.25300 6.31019 4.49562
873.77481 11.25787 6.31216 4.49749
876.64432 11.26272 6.31413 4.49936
879.51383 11.26757 6.31609 4.50122
882.38334 11.27242 6.31805 4.50309
885.25285 11.27727 6.32001 4.50495
888.12236 11.28210 6.32197 4.50680
890.99187 11.28693 6.32392 4.50865
893.86138 11.29176 6.32587 4.51050
896.73089 11.29658 6.32782 4.51235
899.60040 11.30139 6.32977 4.51419
902.46991 11.30620 6.33172 4.51603
905.33942 11.31100 6.33366 4.51787
908.20893 11.31579 6.33560 4.51970
911.07844 11.32058 6.33754 4.52154
913.94795 11.32537 6.33947 4.52337
916.81746 11.33015 6.34140 4.52520
919.68697 11.33494 6.34333 4.52703
922.55648 11.33972 6.34526 4.52886
925.42599 11.34448 6.34718 4.53068
928.29550 11.34924 6.34910 4.53249
931.16501 11.35401 6.35102 4.53431
934.03451 11.35876 6.35294 4.53612
936.90402 11.36350 6.35486 4.53793
939.77353 11.36825 6.35677 4.53974
942.64304 11.37299 6.35868 4.54155
945.51255 11.37772 6.36059 4.54335
948.38206 11.38245 6.36249 4.54515
951.25157 11.38718 6.36440 4.54695
954.12108 11.39189 6.36630 4.54874
956.99059 11.39660 6.36819 4.55053
959.86010 11.40131 6.37009 4.55232
962.72961 11.40601 6.37198 4.55411
965.59912 11.41071 6.37387 4.55589
968.46863 11.41540 6.37576 4.55768
971.33814 11.42009 6.37765 4.55946
974.20765 11.42477 6.37953 4.56124
977.07716 11.42945 6.38141 4.56301
979.94667 11.43412 6.38329 4.56479
982.81618 11.43878 6.38516 4.56656
985.68569 11.44343 6.38703 4.56832
988.55520 11.44809 6.38890 4.57008
991.42470 11.45274 6.39077 4.57185
994.29421 11.45739 6.39264 4.57361
997.16372 11.46203 6.39450 4.57537
1000.03323 11.46667 6.39636 4.57712
1002.90274 11.47130 6.39822 4.57888
1005.77225 11.47593 6.40007 4.58063
1008.64176 11.48056 6.40193 4.58239
1011.51127 11.48517 6.40378 4.58413
1014.38078 11.48978 6.40563 4.58588
1017.25029 11.49439 6.40748 4.58763
1020.11980 11.49899 6.40932 4.58937
1022.98931 11.50358 6.41116 4.59110
1025.85882 11.50818 6.41301 4.59284
1028.72833 11.51276 6.41484 4.59457
1031.59784 11.51734 6.41668 4.59631
1034.46735 11.52192 6.41851 4.59804
1037.33686 11.52649 6.42034 4.59977
1040.20637 11.53105 6.42217 4.60149
1043.07588 11.53561 6.42400 4.60321
1045.94539 11.54017 6.42583 4.60493
1048.81489 11.54471 6.42765 4.60665
1051.68440 11.54925 6.42946 4.60837
1054.55391 11.55379 6.43128 4.61009
1057.42342 11.55833 6.43309 4.61180
1060.29293 11.56286 6.43490 4.61351
1063.16244 11.56739 6.43672 4.61522
1066.03195 11.57192 6.43852 4.61692
1068.90146 11.57643 6.44033 4.61863
1071.77097 11.58094 6.44213 4.62033
1074.64048 11.58545 6.44393 4.62203
1077.50999 11.58994 6.44573 4.62373
1080.37950 11.59444 6.44752 4.62543
1083.24901 11.59893 6.44932 4.62713
1086.11852 11.60341 6.45111 4.62882
1088.98803 11.60789 6.45290 4.63051
1091.85754 11.61237 6.45469 4.63221
1094.72705 11.61685 6.45648 4.63389
1097.59656 11.62131 6.45826 4.63558
1100.46607 11.62577 6.46004 4.63727
1103.33558 11.63023 6.46182 4.63895
1106.20509 11.63468 6.46360 4.64063
1109.07459 11.63913 6.46537 4.64231
1111.94410 11.64358 6.46715 4.64399
1114.81361 11.64801 6.46892 4.64566
1117.68312 11.65244 6.47068 4.64734
1120.55263 11.65687 6.47245 4.64901
1123.42214 11.66129 6.47421 4.65068
1126.29165 11.66571 6.47597 4.65235
1129.16116 11.67012 6.47773 4.65402
1132.03067 11.67453 6.47949 4.65568
1134.90018 11.67892 6.48124 4.65735
1137.76969 11.68331 6.48300 4.65901
1140.63920 11.68771 6.48475 4.66067
1143.50871 11.69209 6.48649 4.66233
1146.37822 11.69648 6.48824 4.66398
1149.24773 11.70086 6.48998 4.66564
1152.11724 11.70523 6.49172 4.66729
1154.98675 11.70959 6.49346 4.66895
1157.85626 11.71395 6.49520 4.67060
1160.72577 11.71831 6.49694 4.67225
1163.59528 11.72267 6.49867 4.67389
1166.46478 11.72702 6.50040 4.67554
1169.33429 11.73137 6.50213 4.67718
1172.20380 11.73570 6.50385 4.67882
1175.07331 11.74004 6.50558 4.68047
1177.94282 11.74437 6.50731 4.68211
1180.81233 11.74869 6.50903 4.68375
1183.68184 11.75301 6.51075 4.68538
1186.55135 11.75733 6.51246 4.68702
1189.42086 11.76164 6.51418 4.68865
1192.29037 11.76594 6.51589 4.69029
1195.15988 11.77024 6.51760 4.69192
1198.02939 11.77454 6.51931 4.69355
1200.89890 11.77882 6.52102 4.69517
1203.76841 11.78311 6.52272 4.69680
1206.63792 11.78739 6.52442 4.69842
1209.50743 11.79166 6.52612 4.70005
1212.37694 11.79593 6.52782 4.70168
1215.24645 11.80020 6.52952 4.70330
1218.11596 11.80446 6.53121 4.70492
1220.98547 11.80871 6.53291 4.70654
1223.85497 11.81297 6.53460 4.70816
1226.72448 11.81721 6.53628 4.70978
1229.59399 11.82145 6.53797 4.71139
1232.46350 11.82568 6.53965 4.71300
1235.33301 11.82991 6.54133 4.71462
1238.20252 11.83413 6.54301 4.71623
1241.07203 11.83835 6.54469 4.71784
1243.94154 11.84257 6.54637 4.71945
1246.81105 11.84678 6.54804 4.72106
1249.68056 11.85099 6.54971 4.72267
1252.55007 11.85520 6.55138 4.72427
1255.41958 11.85940 6.55305 4.72588
1258.28909 11.86359 6.55471 4.72748
1261.15860 11.86777 6.55638 4.72909
1264.02811 11.87196 6.55805 4.73069
1266.89762 11.87613 6.55971 4.73229
1269.76713 11.88030 6.56137 4.73389
1272.63664 11.88448 6.56303 4.73549
1275.50615 11.88864 6.56468 4.73709
1278.37566 11.89280 6.56633 4.73869
1281.24517 11.89696 6.56798 4.74029
1284.11467 11.90111 6.56963 4.74188
1286.98418 11.90524 6.57128 4.74348
1289.85369 11.90938 6.57293 4.74508
1292.72320 11.91352 6.57457 4.74667
1295.59271 11.91764 6.57621 4.74826
1298.46222 11.92176 6.57784 4.74985
1301.33173 11.92589 6.57948 4.75144
1304.20124 11.93000 6.58111 4.75303
1307.07075 11.93410 6.58275 4.75462
1309.94026 11.93821 6.58439 4.75621
1312.80977 11.94231 6.58608 4.75780
1315.67928 11.94641 6.58781 4.75938
1318.54879 11.95050 6.58954 4.76097
1321.41830 11.95459 6.59122 4.76255
1324.28781 11.95867 6.59284 4.76414
1327.15732 11.96274 6.59445 4.76572
1330.02683 11.96682 6.59607 4.76731
1332.89634 11.97088 6.59768 4.76889
1335.76585 11.97494 6.59929 4.77047
1338.63536 11.97900 6.60090 4.77205
1341.50486 11.98305 6.60251 4.77363
1344.37437 11.98710 6.60411 4.77521
1347.24388 11.99115 6.60571 4.77679
1350.11339 11.99519 6.60731 4.77837
1352.98290 11.99922 6.60891 4.77994
1355.85241 12.00325 6.61051 4.78152
1358.72192 12.00728 6.61210 4.78310
1361.59143 12.01129 6.61370 4.78468
1364.46094 12.01531 6.61529 4.78625
1367.33045 12.01933 6.61689 4.78783
1370.19996 12.02333 6.61847 4.78940
1373.06947 12.02733 6.62006 4.79097
1375.93898 12.03133 6.62164 4.79254
1378.80849 12.03532 6.62322 4.79411
1381.67800 12.03931 6.62481 4.79568
1384.54751 12.04329 6.62639 4.79725
1387.41702 12.04727 6.62797 4.79882
1390.28653 12.05124 6.62954 4.80039
1393.15604 12.05521 6.63112 4.80195
1396.02555 12.05918 6.63269 4.80352
1398.89506 12.06313 6.63426 4.80509
1401.76456 12.06709 6.63582 4.80665
1404.63407 12.07105 6.63739 4.80822
1407.50358 12.07499 6.63895 4.80978
1410.37309 12.07893 6.64052 4.81134
1413.24260 12.08287 6.64208 4.81290
1416.11211 12.08681 6.64364 4.81446
1418.98162 12.09074 6.64520 4.81603
1421.85113 12.09467 6.64676 4.81759
1424.72064 12.09860 6.64831 4.81915
1427.59015 12.10251 6.64987 4.82071
1430.45966 12.10642 6.65142 4.82227
1433.32917 12.11033 6.65297 4.82383
1436.19868 12.11424 6.65452 4.82538
1439.06819 12.11813 6.65607 4.82694
1441.93770 12.12203 6.65761 4.82850
1444.80721 12.12593 6.65916 4.83006
1447.67672 12.12981 6.66070 4.83161
1450.54623 12.13370 6.66224 4.83316
1453.41574 12.13758 6.66378 4.83472
1456.28525 12.14145 6.66531 4.83627
1459.15475 12.14532 6.66685 4.83782
1462.02426 12.14920 6.66838 4.83937
1464.89377 12.15306 6.66992 4.84092
1467.76328 12.15692 6.67145 4.84248
1470.63279 12.16078 6.67298 4.84403
1473.50230 12.16463 6.67450 4.84558
1476.37181 12.16846 6.67602 4.84712
1479.24132 12.17230 6.67755 4.84867
1482.11083 12.17614 6.67907 4.85022
1484.98034 12.17997 6.68059 4.85176
1487.84985 12.18381 6.68211 4.85331
1490.71936 12.18764 6.68363 4.85485
1493.58887 12.19146 6.68515 4.85639
1496.45838 12.19528 6.68666 4.85794
1499.32789 12.19909 6.68818 4.85948
1502.19740 12.20290 6.68969 4.86102
1505.06691 12.20671 6.69120 4.86256
1507.93642 12.21051 6.69271 4.86411
1510.80593 12.21432 6.69421 4.86565
1513.67544 12.21811 6.69572 4.86719
1516.54494 12.22190 6.69722 4.86873
1519.41445 12.22570 6.69872 4.87026
1522.28396 12.22948 6.70022 4.87180
1525.15347 12.23326 6.70172 4.87334
1528.02298 12.23704 6.70322 4.87488
1530.89249 12.24081 6.70472 4.87642
1533.76200 12.24458 6.70622 4.87796
1536.63151 12.24834 6.70771 4.87949
1539.50102 12.25210 6.70920 4.88103
1542.37053 12.25586 6.71069 4.88256
1545.24004 12.25961 6.71218 4.88409
1548.10955 12.26336 6.71366 4.88562
1550.97906 12.26711 6.71515 4.88715
1553.84857 12.27085 6.71663 4.88868
1556.71808 12.27460 6.71812 4.89021
1559.58759 12.27833 6.71960 4.89174
1562.45710 12.28206 6.72108 4.89327
1565.32661 12.28579 6.72256 4.89480
1568.19612 12.28952 6.72404 4.89633
1571.06563 12.29324 6.72551 4.89786
1573.93514 12.29696 6.72698 4.89938
1576.80464 12.30068 6.72846 4.90091
1579.67415 12.30438 6.72993 4.90244
1582.54366 12.30809 6.73140 4.90397
1585.41317 12.31180 6.73288 4.90549
1588.28268 12.31550 6.73434 4.90702
1591.15219 12.31920 6.73580 4.90854
1594.02170 12.32289 6.73727 4.91007
1596.89121 12.32658 6.73873 4.91159
1599.76072 12.33027 6.74019 4.91311
1602.63023 12.33395 6.74166 4.91463
1605.49974 12.33763 6.74312 4.91615
1608.36925 12.34131 6.74458 4.91767
1611.23876 12.34498 6.74603 4.91919
1614.10827 12.34866 6.74749 4.92071
1616.97778 12.35232 6.74894 4.92223
1619.84729 12.35598 6.75039 4.92375
1622.71680 12.35965 6.75184 4.92527
1625.58631 12.36330 6.75329 4.92679
1628.45582 12.36695 6.75474 4.92830
1631.32533 12.37060 6.75619 4.92982
1634.19483 12.37425 6.75763 4.93133
1637.06434 12.37789 6.75907 4.93285
1639.93385 12.38153 6.76052 4.93436
1642.80336 12.38517 6.76196 4.93588
1645.67287 12.38880 6.76340 4.93739
1648.54238 12.39243 6.76484 4.93890
1651.41189 12.39606 6.76628 4.94041
1654.28140 12.39969 6.76771 4.94193
1657.15091 12.40331 6.76915 4.94344
1660.02042 12.40693 6.77058 4.94495
1662.88993 12.41054 6.77202 4.94646
1665.75944 12.41416 6.77345 4.94797
1668.62895 12.41777 6.77488 4.94948
1671.49846 12.42138 6.77631 4.95099
1674.36797 12.42498 6.77773 4.95250
1677.23748 12.42858 6.77916 4.95401
1680.10699 12.43218 6.78059 4.95552
1682.97650 12.43577 6.78201 4.95702
1685.84601 12.43936 6.78343 4.95853
1688.71552 12.44296 6.78485 4.96003
1691.58503 12.44654 6.78627 4.96154
1694.45453 12.45012 6.78769 4.96304
1697.32404 12.45371 6.78912 4.96454
1700.19355 12.45728 6.79053 4.96605
1703.06306 12.46085 6.79195 4.96755
1705.93257 12.46442 6.79336 4.96905
1708.80208 12.46799 6.79478 4.97055
1711.67159 12.47155 6.79619 4.97206
1714.54110 12.47512 6.79760 4.97356
1717.41061 12.47868 6.79901 4.97506
1720.28012 12.48224 6.80041 4.97656
1723.14963 12.48579 6.80182 4.97806
1726.01914 12.48934 6.80323 4.97956
1728.88865 12.49288 6.80463 4.98106
1731.75816 12.49643 6.80604 4.98255
1734.62767 12.49997 6.80744 4.98405
1737.49718 12.50352 6.80884 4.98555
1740.36669 12.50705 6.81024 4.98704
1743.23620 12.51058 6.81164 4.98854
1746.10571 12.51412 6.81304 4.99004
1748.97522 12.51765 6.81444 4.99153
1751.84472 12.52117 6.81583 4.99303
1754.71423 12.52470 6.81723 4.99452
1757.58374 12.52822 6.81862 4.99601
1760.45325 12.53174 6.82001 4.99751
1763.32276 12.53526 6.82141 4.99900
1766.19227 12.53877 6.82280 5.00050
1769.06178 12.54229 6.82419 5.00199
1771.93129 12.54580 6.82557 5.00348
1774.80080 12.54931 6.82696 5.00497
1777.67031 12.55281 6.82835 5.00646
1780.53982 12.55631 6.82973 5.00795
1783.40933 12.55981 6.83112 5.00944
1786.27884 12.56330 6.83250 5.01093
1789.14835 12.56679 6.83388 5.01241
1792.01786 12.57028 6.83526 5.01390
1794.88737 12.57377 6.83664 5.01539
1797.75688 12.57726 6.83802 5.01687
1800.62639 12.58074 6.83940 5.01836
1803.49590 12.58422 6.84078 5.01985
1806.36541 12.58770 6.84215 5.02134
1809.23491 12.59118 6.84353 5.02282
1812.10442 12.59466 6.84490 5.02430
1814.97393 12.59813 6.84628 5.02579
1817.84344 12.60160 6.84765 5.02727
1820.71295 12.60507 6.84902 5.02876
1823.58246 12.60854 6.85039 5.03024
1826.45197 12.61200 6.85176 5.03172
1829.32148 12.61546 6.85312 5.03321
1832.19099 12.61893 6.85449 5.03469
1835.06050 12.62238 6.85586 5.03617
1837.93001 12.62584 6.85722 5.03765
1840.79952 12.62929 6.85859 5.03913
1843.66903 12.63274 6.85995 5.04061
1846.53854 12.63619 6.86131 5.04210
1849.40805 12.63964 6.86267 5.04358
1852.27756 12.64308 6.86403 5.04506
1855.14707 12.64652 6.86539 5.04654
1858.01658 12.64996 6.86675 5.04802
1860.88609 12.65340 6.86811 5.04949
1863.75560 12.65684 6.86947 5.05097
1866.62511 12.66027 6.87082 5.05244
1869.49461 12.66370 6.87218 5.05392
1872.36412 12.66713 6.87353 5.05540
1875.23363 12.67056 6.87489 5.05687
1878.10314 12.67399 6.87624 5.05835
1880.97265 12.67741 6.87759 5.05982
1883.84216 12.68082 6.87894 5.06130
1886.71167 12.68424 6.88028 5.06277
1889.58118 12.68766 6.88163 5.06424
1892.45069 12.69107 6.88298 5.06572
1895.32020 12.69449 6.88433 5.06719
1898.18971 12.69790 6.88568 5.06866
1901.05922 12.70131 6.88702 5.07013
1903.92873 12.70472 6.88837 5.07161
1906.79824 12.70813 6.88971 5.07308
1909.66775 12.71153 6.89106 5.07455
1912.53726 12.71494 6.89240 5.07602
1915.40677 12.71834 6.89374 5.07749
1918.27628 12.72174 6.89508 5.07896
1921.14579 12.72513 6.89642 5.08043
1924.01530 12.72853 6.89776 5.08190
1926.88480 12.73192 6.89910 5.08337
1929.75431 12.73531 6.90043 5.08484
1932.62382 12.73870 6.90177 5.08631
1935.49333 12.74209 6.90311 5.08778
1938.36284 12.74548 6.90444 5.08924
1941.23235 12.74887 6.90577 5.09071
1944.10186 12.75225 6.90711 5.09218
1946.97137 12.75564 6.90844 5.09364
1949.84088 12.75902 6.90977 5.09511
1952.71039 12.76239 6.91110 5.09658
1955.57990 12.76577 6.91243 5.09804
1958.44941 12.76915 6.91376 5.09951
1961.31892 12.77252 6.91509 5.10097
1964.18843 12.77590 6.91642 5.10243
1967.05794 12.77926 6.91775 5.10389
1969.92745 12.78263 6.91907 5.10536
1972.79696 12.78600 6.92040 5.10682
1975.66647 12.78936 6.92172 5.10828
1978.53598 12.79272 6.92305 5.10975
1981.40549 12.79609 6.92437 5.11121
1984.27499 12.79945 6.92569 5.11267
1987.14450 12.80281 6.92702 5.11413
1990.01401 12.80617 6.92834 5.11559
1992.88352 12.80953 6.92966 5.11705
1995.75303 12.81289 6.93098 5.11851
1998.62254 12.81624 6.93230 5.11997
2001.49205 12.81959 6.93362 5.12143
2004.36156 12.82295 6.93494 5.12289
2007.23107 12.82630 6.93625 5.12435
2010.10058 12.82965 6.93757 5.12581
2012.97009 12.83300 6.93888 5.12726
2015.83960 12.83634 6.94020 5.12872
2018.70911 12.83969 6.94152 5.13018
2021.57862 12.84303 6.94284 5.13164
2024.44813 12.84637 6.94415 5.13309
2027.31764 12.84972 6.94546 5.13455
2030.18715 12.85306 6.94677 5.13601
2033.05666 12.85640 6.94808 5.13747
2035.92617 12.85973 6.94940 5.13892
2038.79568 12.86307 6.95071 5.14038
2041.66519 12.86640 6.95202 5.14183
2044.53469 12.86973 6.95332 5.14329
2047.40420 12.87307 6.95463 5.14474
2050.27371 12.87640 6.95594 5.14620
2053.14322 12.87973 6.95725 5.14765
2056.01273 12.88307 6.95855 5.14910
2058.88224 12.88640 6.95986 5.15055
2061.75175 12.88973 6.96117 5.15200
2064.62126 12.89305 6.96247 5.15346
2067.49077 12.89638 6.96378 5.15491
2070.36028 12.89971 6.96508 5.15637
2073.22979 12.90303 6.96639 5.15782
2076.09930 12.90636 6.96770 5.15927
2078.96881 12.90968 6.96900 5.16072
2081.83832 12.91300 6.97030 5.16217
2084.70783 12.91632 6.97160 5.16362
2087.57734 12.91964 6.97290 5.16507
2090.44685 12.92296 6.97420 5.16653
2093.31636 12.92627 6.97550 5.16798
2096.18587 12.92959 6.97680 5.16943
2099.05538 12.93290 6.97810 5.17088
2101.92488 12.93622 6.97940 5.17233
2104.79439 12.93953 6.98070 5.17377
2107.66390 12.94285 6.98200 5.17522
2110.53341 12.94616 6.98329 5.17667
2113.40292 12.94948 6.98459 5.17812
2116.27243 12.95279 6.98589 5.17957
2119.14194 12.95609 6.98718 5.18101
2122.01145 12.95940 6.98848 5.18246
2124.88096 12.96271 6.98977 5.18390
2127.75047 12.96601 6.99107 5.18535
2130.61998 12.96932 6.99236 5.18679
2133.48949 12.97262 6.99366 5.18824
2136.35900 12.97593 6.99495 5.18969
2139.22851 12.97923 6.99624 5.19114
2142.09802 12.98254 6.99754 5.19258
2144.96753 12.98585 6.99883 5.19403
2147.83704 12.98915 7.00012 5.19547
2150.70655 12.99245 7.00141 5.19692
2153.57606 12.99575 7.00270 5.19836
2156.44557 12.99906 7.00399 5.19980
2159.31508 13.00236 7.00529 5.20125
2162.18458 13.00566 7.00658 5.20269
2165.05409 13.00896 7.00787 5.20413
2167.92360 13.01226 7.00915 5.20558
2170.79311 13.01555 7.01044 5.20702
2173.66262 13.01885 7.01173 5.20847
2176.53213 13.02215 7.01302 5.20991
2179.40164 13.02545 7.01430 5.21135
2182.27115 13.02875 7.01559 5.21280
2185.14066 13.03205 7.01688 5.21424
2188.01017 13.03535 7.01817 5.21568
2190.87968 13.03864 7.01946 5.21712
2193.74919 13.04194 7.02074 5.21856
2196.61870 13.04523 7.02203 5.22000
2199.48821 13.04852 7.02331 5.22144
2202.35772 13.05182 7.02460 5.22288
2205.22723 13.05511 7.02588 5.22432
2208.09674 13.05841 7.02716 5.22577
2210.96625 13.06170 7.02845 5.22721
2213.83576 13.06499 7.02973 5.22865
2216.70527 13.06828 7.03101 5.23008
2219.57477 13.07157 7.03229 5.23152
2222.44428 13.07486 7.03357 5.23296
2225.31379 13.07815 7.03486 5.23440
2228.18330 13.08144 7.03614 5.23584
2231.05281 13.08473 7.03743 5.23728
2233.92232 13.08803 7.03871 5.23872
2236.79183 13.09132 7.03999 5.24016
2239.66134 13.09461 7.04127 5.24160
2242.53085 13.09790 7.04255 5.24303
2245.40036 13.10120 7.04384 5.24447
2248.26987 13.10449 7.04512 5.24590
2251.13938 13.10778 7.04640 5.24734
2254.00889 13.11107 7.04767 5.24878
2256.87840 13.11436 7.04895 5.25022
2259.74791 13.11765 7.05023 5.25166
2262.61742 13.12094 7.05151 5.25310
2265.48693 13.12423 7.05279 5.25453
2268.35644 13.12752 7.05407 5.25597
2271.22595 13.13081 7.05535 5.25740
2274.09546 13.13410 7.05663 5.25884
2276.96496 13.13739 7.05790 5.26028
2279.83447 13.14068 7.05918 5.26171
2282.70398 13.14397 7.06046 5.26314
2285.57349 13.14725 7.06174 5.26457
2288.44300 13.15054 7.06301 5.26601
2291.31251 13.15384 7.06429 5.26744
2294.18202 13.15713 7.06557 5.26888
2297.05153 13.16042 7.06685 5.27032
2299.92104 13.16371 7.06813 5.27175
2302.79055 13.16700 7.06941 5.27318
2305.66006 13.17029 7.07069 5.27462
2308.52957 13.17358 7.07196 5.27605
2311.39908 13.17688 7.07324 5.27749
2314.26859 13.18017 7.07451 5.27892
2317.13810 13.18346 7.07579 5.28036
2320.00761 13.18675 7.07707 5.28179
2322.87712 13.19004 7.07834 5.28322
2325.74663 13.19333 7.07962 5.28466
2328.61614 13.19663 7.08090 5.28609
2331.48565 13.19992 7.08218 5.28752
2334.35516 13.20322 7.08345 5.28896
2337.22466 13.20651 7.08473 5.29039
2340.09417 13.20981 7.08600 5.29182
2342.96368 13.21311 7.08728 5.29326
2345.83319 13.21640 7.08856 5.29469
2348.70270 13.21970 7.08983 5.29612
2351.57221 13.22300 7.09111 5.29755
2354.44172 13.22629 7.09238 5.29898
2357.31123 13.22959 7.09366 5.30041
2360.18074 13.23289 7.09493 5.30185
2363.05025 13.23619 7.09621 5.30328
2365.91976 13.23949 7.09749 5.30471
2368.78927 13.24278 7.09876 5.30614
2371.65878 13.24608 7.10004 5.30757
2374.52829 13.24938 7.10131 5.30900
2377.39780 13.25268 7.10259 5.31043
2380.26731 13.25597 7.10386 5.31186
2383.13682 13.25928 7.10514 5.31330
2386.00633 13.26258 7.10641 5.31473
2388.87584 13.26589 7.10769 5.31616
2391.74535 13.26919 7.10896 5.31759
2394.61485 13.27250 7.11024 5.31902
2397.48436 13.27580 7.11151 5.32045
2400.35387 13.27910 7.11279 5.32188
2403.22338 13.28241 7.11407 5.32331
2406.09289 13.28572 7.11534 5.32474
2408.96240 13.28903 7.11662 5.32617
2411.83191 13.29234 7.11789 5.32760
2414.70142 13.29565 7.11917 5.32903
2417.57093 13.29896 7.12044 5.33046
2420.44044 13.30227 7.12172 5.33189
2423.30995 13.30558 7.12300 5.33331
2426.17946 13.30889 7.12428 5.33474
2429.04897 13.31220 7.12556 5.33617
2431.91848 13.31552 7.12683 5.33760
2434.78799 13.31883 7.12811 5.33903
2437.65750 13.32215 7.12938 5.34046
2440.52701 13.32546 7.13066 5.34189
2443.39652 13.32878 7.13193 5.34332
2446.26603 13.33210 7.13321 5.34475
2449.13554 13.33542 7.13449 5.34618
2452.00505 13.33874 7.13577 5.34761
2454.87455 13.34206 7.13705 5.34903
2457.74406 13.34538 7.13832 5.35046
2460.61357 13.34870 7.13960 5.35189
2463.48308 13.35202 7.14088 5.35332
2466.35259 13.35534 7.14216 5.35475
2469.22210 13.35867 7.14343 5.35617
2472.09161 13.36200 7.14471 5.35760
2474.96112 13.36533 7.14599 5.35903
2477.83063 13.36866 7.14727 5.36046
2480.70014 13.37199 7.14855 5.36189
2483.56965 13.37532 7.14983 5.36332
2486.43916 13.37866 7.15111 5.36475
2489.30867 13.38199 7.15239 5.36617
2492.17818 13.38532 7.15366 5.36760
2495.04769 13.38866 7.15494 5.36903
2497.91720 13.39200 7.15622 5.37046
2500.78671 13.39533 7.15751 5.37188
2503.65622 13.39867 7.15879 5.37331
2506.52573 13.40202 7.16007 5.37474
2509.39524 13.40536 7.16135 5.37616
2512.26474 13.40870 7.16263 5.37759
2515.13425 13.41205 7.16392 5.37902
2518.00376 13.41539 7.16520 5.38045
2520.87327 13.41874 7.16648 5.38188
2523.74278 13.42209 7.16776 5.38331
2526.61229 13.42543 7.16904 5.38474
2529.48180 13.42878 7.17032 5.38616
2532.35131 13.43212 7.17160 5.38759
2535.22082 13.43548 7.17289 5.38901
2538.09033 13.43884 7.17417 5.39044
2540.95984 13.44219 7.17546 5.39187
2543.82935 13.44555 7.17674 5.39330
2546.69886 13.44891 7.17802 5.39472
2549.56837 13.45227 7.17931 5.39615
2552.43788 13.45564 7.18059 5.39758
2555.30739 13.45900 7.18188 5.39900
2558.17690 13.46236 7.18316 5.40043
2561.04641 13.46573 7.18445 5.40186
2563.91592 13.46910 7.18574 5.40329
2566.78543 13.47246 7.18702 5.40471
2569.65493 13.47583 7.18831 5.40614
2572.52444 13.47921 7.18960 5.40757
2575.39395 13.48258 7.19089 5.40900
2578.26346 13.48596 7.19218 5.41043
2581.13297 13.48934 7.19346 5.41186
2584.00248 13.49271 7.19475 5.41329
2586.87199 13.49609 7.19605 5.41471
2589.74150 13.49947 7.19734 5.41614
2592.61101 13.50286 7.19863 5.41757
2595.48052 13.50625 7.19992 5.41899
2598.35003 13.50964 7.20121 5.42042
2601.21954 13.51303 7.20250 5.42185
2604.08905 13.51642 7.20379 5.42328
2606.95856 13.51981 7.20508 5.42470
2609.82807 13.52320 7.20637 5.42613
2612.69758 13.52659 7.20767 5.42756
2615.56709 13.52999 7.20896 5.42898
2618.43660 13.53338 7.21025 5.43041
2621.30611 13.53678 7.21154 5.43184
2624.17562 13.54019 7.21284 5.43327
2627.04513 13.54359 7.21413 5.43470
2629.91463 13.54700 7.21543 5.43613
2632.78414 13.55041 7.21673 5.43755
2635.65365 13.55381 7.21802 5.43898
2638.52316 13.55723 7.21932 5.44041
2641.39267 13.56064 7.22062 5.44183
2644.26218 13.56406 7.22191 5.44326
2647.13169 13.56747 7.22321 5.44469
2650.00120 13.57089 7.22451 5.44612
2652.87071 13.57432 7.22581 5.44755
2655.74022 13.57774 7.22711 5.44898
2658.60973 13.58116 7.22841 5.45041
2661.47924 13.58459 7.22971 5.45183
2664.34875 13.58802 7.23101 5.45326
2667.21826 13.59145 7.23231 5.45469
2670.08777 13.59488 7.23362 5.45612
2672.95728 13.59831 7.23492 5.45755
2675.82679 13.60175 7.23622 5.45898
2678.69630 13.60519 7.23752 5.46041
2681.56581 13.60864 7.23883 5.46183
2684.43532 13.61208 7.24013 5.46326
2687.30482 13.61553 7.24144 5.46469
2690.17433 13.61898 7.24275 5.46612
2693.04384 13.62242 7.24406 5.46755
2695.91335 13.62588 7.24536 5.46898
2698.78286 13.62933 7.24667 5.47041
2701.65237 13.63279 7.24798 5.47184
2704.52188 13.63624 7.24928 5.47327
2707.39139 13.63970 7.25060 5.47470
2710.26090 13.64316 7.25191 5.47613
2713.13041 13.64662 7.25322 5.47756
2715.99992 13.65010 7.25453 5.47899
2718.86943 13.65357 7.25583 5.48042
2721.73894 13.65704 7.25714 5.48185
2724.60845 13.66052 7.25846 5.48328
2727.47796 13.66399 7.25977 5.48471
2730.34747 13.66747 7.26109 5.48614
2733.21698 13.67095 7.26240 5.48757
2736.08649 13.67444 7.26372 5.48900
2738.95600 13.67793 7.26503 5.49043
2741.82551 13.68061 7.26596 5.49186
2744.69502 13.68128 7.26595 5.49329
2747.56452 13.68196 7.26593 5.49473
2750.43403 13.68264 7.26591 5.49616
2753.30354 13.68333 7.26589 5.49759
2756.17305 13.68401 7.26587 5.49902
2759.04256 13.68469 7.26585 5.50045
2761.91207 13.68537 7.26582 5.50188
2764.78158 13.68606 7.26580 5.50331
2767.65109 13.68674 7.26577 5.50474
2770.52060 13.68742 7.26575 5.50617
2773.39011 13.68811 7.26573 5.50761
2776.25962 13.68879 7.26571 5.50904
2779.12913 13.68948 7.26569 5.51047
2781.99864 13.69016 7.26566 5.51190
2784.86815 13.69085 7.26564 5.51334
2787.73766 13.69153 7.26562 5.51477
2790.60717 13.69222 7.26560 5.51621
2793.47668 13.69291 7.26557 5.51764
2796.34619 13.69360 7.26555 5.51907
2799.21570 13.69429 7.26552 5.52050
2802.08521 13.69498 7.26550 5.52194
2804.95471 13.69567 7.26547 5.52337
2807.82422 13.69636 7.26545 5.52480
2810.69373 13.69705 7.26543 5.52624
2813.56324 13.69774 7.26540 5.52767
2816.43275 13.69843 7.26538 5.52911
2819.30226 13.69912 7.26535 5.53054
2822.17177 13.69981 7.26532 5.53198
2825.04128 13.70050 7.26529 5.53341
2827.91079 13.70120 7.26527 5.53485
2830.78030 13.70189 7.26524 5.53628
2833.64981 13.70259 7.26522 5.53771
2836.51932 13.70328 7.26519 5.53915
2839.38883 13.70398 7.26517 5.54059
2842.25834 13.70468 7.26514 5.54202
2845.12785 13.70538 7.26511 5.54346
2847.99736 13.70608 7.26508 5.54489
2850.86687 13.70677 7.26506 5.54633
2853.73638 13.70747 7.26503 5.54776
2856.60589 13.70817 7.26500 5.54920
2859.47540 13.70887 7.26497 5.55064
2862.34490 13.70956 7.26495 5.55208
2865.21441 13.71027 7.26492 5.55351
2868.08392 13.71097 7.26489 5.55495
2870.95343 13.71167 7.26486 5.55638
2873.82294 13.71237 7.26483 5.55782
2876.69245 13.71308 7.26480 5.55926
2879.56196 13.71378 7.26477 5.56070
2882.43147 13.71448 7.26474 5.56214
2885.30098 13.71519 7.26472 5.56357
2888.17049 13.71589 7.26469 5.56501
2891.04000 13.71660 7.26466 5.56645
