    7.1493 -150.4517
    7.7920 -149.8189
    9.0746 -148.5471
    9.7143 -147.9079
   10.3527 -147.2662
   10.9899 -146.6220
   11.5612 -146.0409
   12.1312 -145.4574
   13.0629 -144.4956
   13.7870 -143.7406
   14.4445 -143.0487
   14.9954 -142.4643
   16.0370 -141.3465
   16.4992 -140.8447
   17.1051 -140.1813
   17.7032 -139.5198
   18.7023 -138.3993
   19.1042 -137.9426
   19.8401 -137.0974
   20.5180 -136.3077
   21.2944 -135.3892
   22.0078 -134.5314
   22.6645 -133.7293
   23.2585 -132.9928
   23.8348 -132.2677
   24.4440 -131.4894
   25.3124 -130.3577
   25.8578 -129.6328
   26.5172 -128.7406
   27.0471 -128.0105
   27.7591 -127.0103
   28.3813 -126.1168
   29.0185 -125.1819
   29.5387 -124.4026