0.00000 1.45000 0.00000 1.02000
0.61224 1.45000 0.00000 1.02000
1.22449 1.45000 0.00000 1.02000
1.83673 1.45000 0.00000 1.02000
2.44898 1.45000 0.00000 1.02000
3.06122 6.39768 3.72776 2.80773
3.67347 6.40233 3.73017 2.80889
4.28571 6.40900 3.73359 2.81054
4.89796 6.41798 3.73818 2.81273
5.51020 6.43025 3.74443 2.81574
6.12245 6.44389 3.75136 2.81909
6.73469 6.46036 3.75971 2.82317
7.34694 6.47863 3.76897 2.82771
7.95918 6.49827 3.77893 2.83261
8.57143 6.52051 3.79018 2.83823
9.18367 6.54365 3.80189 2.84411
9.79592 6.56849 3.81445 2.85046
10.40816 6.59468 3.82770 2.85722
11.02041 6.62161 3.84131 2.86420
11.63265 6.65016 3.85574 2.87169
12.24490 6.67923 3.87044 2.87937
12.85714 6.70908 3.88553 2.88731
13.46939 6.73967 3.90099 2.89552
14.08163 6.77056 3.91660 2.90385
14.69388 6.80197 3.93246 2.91242
15.30612 6.83350 3.94839 2.92109
15.91837 6.86515 3.96440 2.92984
16.53061 6.89672 3.98035 2.93867
17.14286 6.92818 3.99624 2.94750
17.75510 6.95931 4.01198 2.95633
18.36735 6.98998 4.02748 2.96509
18.97959 7.02034 4.04282 2.97382
19.59184 7.04963 4.05763 2.98234
20.20408 7.07842 4.07218 2.99075
20.81633 7.10625 4.08625 2.99895
21.42857 7.13286 4.09971 3.00685
22.04082 7.15881 4.11283 3.01459
22.65306 7.18284 4.12498 3.02184
23.26531 7.20583 4.13662 3.02881
23.87755 7.22748 4.14757 3.03542
24.48980 7.24698 4.15744 3.04142
25.10204 7.26544 4.16680 3.04712
25.71429 7.28142 4.17489 3.05210
26.32653 7.29564 4.18211 3.05654
26.93878 7.30833 4.18855 3.06051
27.55102 7.31779 4.19336 3.06349
28.16327 7.32587 4.19747 3.06602
28.77551 7.33111 4.20015 3.06764
29.38776 7.33371 4.20150 3.06839
30.00000 7.33479 4.20208 3.06863
30.00000 7.92885 4.54514 3.29723
32.86386 7.94284 4.54212 3.30501
35.72773 7.95473 4.54099 3.30970
38.59159 7.96527 4.53903 3.31392
41.45546 7.97476 4.53650 3.31782
44.31932 7.98321 4.53344 3.32142
47.18318 7.98993 4.52974 3.32458
50.04705 7.99552 4.52580 3.32748
52.91091 8.00004 4.52168 3.33015
55.77477 8.00328 4.51743 3.33257
58.63864 8.00523 4.51307 3.33473
61.50250 8.00634 4.50865 3.33671
64.36637 8.00666 4.50417 3.33851
67.23023 8.00594 4.49960 3.34009
70.09409 8.00453 4.49494 3.34150
72.95796 8.00258 4.49018 3.34278
75.82182 8.00006 4.48530 3.34393
78.68569 7.99692 4.48025 3.34493
81.54955 7.99341 4.47503 3.34583
84.41341 7.98965 4.46969 3.34664
87.27728 7.98579 4.46433 3.34743
90.14114 7.98179 4.45894 3.34819
93.00501 7.97790 4.45367 3.34899
95.86887 7.97428 4.44866 3.34988
98.73273 7.97082 4.44377 3.35082
101.59660 7.96815 4.43952 3.35201
104.46046 7.96559 4.43537 3.35321
107.32432 7.96547 4.43377 3.35483
110.18819 7.96535 4.43218 3.35646
113.05205 7.96645 4.43174 3.35831
115.91592 7.96767 4.43142 3.36019
118.77978 7.96984 4.43188 3.36225
121.64364 7.97226 4.43255 3.36436
124.50751 7.97659 4.43412 3.36659
127.37137 7.98190 4.43614 3.36889
130.23524 7.98972 4.43925 3.37128
133.09910 7.99971 4.44330 3.37376
135.96296 8.01037 4.44788 3.37637
138.82683 8.02200 4.45321 3.37917
141.69069 8.03395 4.45876 3.38202
144.55455 8.04674 4.46484 3.38500
147.41842 8.05930 4.47078 3.38793
150.28228 8.07064 4.47589 3.39058
153.14615 8.08192 4.48098 3.39321
156.01001 8.09167 4.48523 3.39556
158.87387 8.10143 4.48948 3.39792
161.73774 8.11178 4.49413 3.40038
164.60160 8.12219 4.49882 3.40286
167.46547 8.13299 4.50347 3.40533
170.32933 8.14389 4.50812 3.40781
173.19319 8.15562 4.51227 3.41038
176.05706 8.16777 4.51617 3.41300
178.92092 8.18040 4.52013 3.41570
181.78478 8.19345 4.52413 3.41848
184.64865 8.20632 4.52796 3.42122
187.51251 8.21893 4.53153 3.42391
190.37638 8.23110 4.53467 3.42650
193.24024 8.24216 4.53675 3.42887
196.10410 8.25311 4.53876 3.43119
198.96797 8.26350 4.54047 3.43327
201.83183 8.27388 4.54217 3.43534
204.69570 8.28419 4.54364 3.43735
207.55956 8.29450 4.54511 3.43936
210.42342 8.30404 4.54587 3.44120
213.28729 8.31350 4.54655 3.44301
216.15115 8.32100 4.54678 3.44478
219.01502 8.32796 4.54689 3.44653
221.87888 8.33367 4.54687 3.44827
224.74274 8.33872 4.54677 3.45001
227.60661 8.34320 4.54664 3.45175
230.47047 8.34697 4.54647 3.45350
233.33433 8.35050 4.54632 3.45526
236.19820 8.35324 4.54622 3.45706
239.06206 8.35597 4.54613 3.45887
241.92593 8.35826 4.54633 3.46077
244.78979 8.36056 4.54653 3.46267
247.65365 8.36294 4.54711 3.46469
250.51752 8.36533 4.54776 3.46674
253.38138 8.36814 4.54882 3.46890
256.24525 8.37123 4.55015 3.47114
259.10911 8.37479 4.55181 3.47347
261.97297 8.37911 4.55399 3.47596
264.83684 8.38375 4.55636 3.47849
267.70070 8.38988 4.55959 3.48127
270.56456 8.39600 4.56281 3.48405
273.42843 8.40628 4.56784 3.48731
276.29229 8.41671 4.57293 3.49059
279.15616 8.42851 4.57890 3.49410
282.02002 8.44075 4.58517 3.49768
284.88388 8.45341 4.59184 3.50135
287.74775 8.46641 4.59886 3.50510
290.61161 8.47961 4.60607 3.50889
293.47548 8.49321 4.61368 3.51277
296.33934 8.50684 4.62132 3.51666
299.20320 8.52075 4.62925 3.52059
302.06707 8.53466 4.63717 3.52452
304.93093 8.54863 4.64520 3.52845
307.79479 8.56260 4.65324 3.53238
310.65866 8.57649 4.66121 3.53627
313.52252 8.59034 4.66915 3.54013
316.38639 8.60400 4.67694 3.54394
319.25025 8.61745 4.68456 3.54768
322.11411 8.63073 4.69204 3.55137
324.97798 8.64356 4.69911 3.55493
327.84184 8.65634 4.70615 3.55848
330.70571 8.66849 4.71263 3.56184
333.56957 8.68064 4.71911 3.56520
336.43343 8.69212 4.72502 3.56835
339.29730 8.70347 4.73083 3.57147
342.16116 8.71427 4.73614 3.57443
345.02503 8.72476 4.74118 3.57730
347.88889 8.73492 4.74593 3.58007
350.75275 8.74463 4.75028 3.58271
353.61662 8.75442 4.75449 3.58538
356.48048 8.76447 4.75821 3.58812
359.34434 8.77451 4.76193 3.59086
362.20821 8.78446 4.76528 3.59364
365.07207 8.79441 4.76863 3.59642
367.93594 8.80288 4.77160 3.59873
370.79980 8.81096 4.77448 3.60091
373.66366 8.81750 4.77695 3.60261
376.52753 8.82293 4.77914 3.60398
379.39139 8.82809 4.78123 3.60527
382.25526 8.83280 4.78315 3.60643
385.11912 8.83770 4.78510 3.60765
387.98298 8.84364 4.78718 3.60916
390.84685 8.84957 4.78926 3.61067
393.71071 8.85850 4.79191 3.61309
396.57457 8.86759 4.79459 3.61556
399.43844 8.88092 4.79812 3.61932
402.30230 8.89577 4.80194 3.62355
405.16617 8.91103 4.80586 3.62790
408.03003 8.93306 4.81117 3.63431
410.89389 9.23743 5.02981 3.75332
413.75776 9.25177 5.03755 3.75710
416.62162 9.26606 5.04525 3.76088
419.48549 9.28001 5.05260 3.76463
422.34935 9.29396 5.05995 3.76838
425.21321 9.30765 5.06700 3.77210
428.07708 9.32130 5.07401 3.77582
430.94094 9.33474 5.08082 3.77953
433.80480 9.34807 5.08753 3.78323
436.66867 9.36127 5.09412 3.78690
439.53253 9.37431 5.10055 3.79055
442.39640 9.38730 5.10692 3.79419
445.26026 9.40009 5.11310 3.79782
448.12412 9.41287 5.11928 3.80146
450.98799 9.42544 5.12527 3.80504
453.85185 9.43800 5.13125 3.80863
456.71572 9.45037 5.13706 3.81221
459.57958 9.46270 5.14283 3.81580
462.44344 9.47496 5.14853 3.81936
465.30731 9.48718 5.15419 3.82292
468.17117 9.49934 5.15979 3.82647
471.03504 9.51141 5.16533 3.83000
473.89890 9.52346 5.17084 3.83354
476.76276 9.53541 5.17628 3.83704
479.62663 9.54736 5.18173 3.84055
482.49049 9.55925 5.18713 3.84406
485.35435 9.57114 5.19253 3.84757
488.21822 9.58298 5.19792 3.85107
491.08208 9.59481 5.20330 3.85456
493.94595 9.60663 5.20868 3.85803
496.80981 9.61844 5.21406 3.86149
499.67367 9.63026 5.21947 3.86495
502.53754 9.64212 5.22492 3.86842
505.40140 9.65397 5.23037 3.87188
508.26527 9.66585 5.23586 3.87534
511.12913 9.67772 5.24135 3.87879
513.99299 9.68961 5.24689 3.88223
516.85686 9.70151 5.25243 3.88566
519.72072 9.71346 5.25802 3.88910
522.58458 9.72543 5.26364 3.89254
525.44845 9.73742 5.26930 3.89597
528.31231 9.74945 5.27498 3.89940
531.17618 9.76149 5.28069 3.90282
534.04004 9.77356 5.28646 3.90624
536.90390 9.78563 5.29223 3.90966
539.76777 9.79778 5.29808 3.91310
542.63163 9.80993 5.30393 3.91654
545.49550 9.82215 5.30984 3.91996
548.35936 9.83438 5.31576 3.92338
551.22322 9.84664 5.32173 3.92680
554.08709 9.85891 5.32773 3.93021
556.95095 9.87123 5.33377 3.93363
559.81481 9.88360 5.33986 3.93705
562.67868 9.89598 5.34597 3.94047
565.54254 9.90844 5.35214 3.94390
568.40641 9.92089 5.35832 3.94733
571.27027 9.93342 5.36457 3.95075
574.13413 9.94594 5.37083 3.95417
576.99800 9.95855 5.37716 3.95761
579.86186 9.97118 5.38351 3.96106
582.72573 9.98386 5.38992 3.96450
585.58959 9.99658 5.39637 3.96795
588.45345 10.00933 5.40285 3.97139
591.31732 10.02213 5.40938 3.97484
594.18118 10.03496 5.41592 3.97829
597.04505 10.04788 5.42256 3.98176
599.90891 10.06081 5.42920 3.98524
602.77277 10.07376 5.43586 3.98871
605.63664 10.08675 5.44254 3.99219
608.50050 10.09976 5.44925 3.99567
611.36436 10.11278 5.45599 3.99915
614.22823 10.12583 5.46274 4.00265
617.09209 10.13894 5.46954 4.00615
619.95596 10.15209 5.47636 4.00967
622.81982 10.16528 5.48322 4.01319
625.68368 10.17850 5.49012 4.01672
628.54755 10.19178 5.49703 4.02025
631.41141 10.20507 5.50398 4.02381
634.27528 10.21840 5.51097 4.02735
637.13914 10.23176 5.51797 4.03090
640.00300 10.24513 5.52500 4.03447
642.86687 10.25855 5.53206 4.03803
645.73073 10.27203 5.53916 4.04160
648.59459 10.28552 5.54628 4.04519
651.45846 10.78453 5.92838 4.34030
654.32232 10.79189 5.93564 4.34253
657.18619 10.79926 5.94289 4.34476
660.05005 10.80672 5.95021 4.34698
662.91391 10.81419 5.95754 4.34921
665.77778 10.82169 5.96489 4.35143
668.64164 10.82926 5.97231 4.35364
671.50551 10.83683 5.97973 4.35585
674.36937 10.84447 5.98719 4.35807
677.23323 10.85216 5.99469 4.36029
680.09710 10.85985 6.00218 4.36251
682.96096 10.86763 6.00975 4.36472
685.82482 10.87542 6.01733 4.36692
688.68869 10.88324 6.02493 4.36912
691.55255 10.89112 6.03259 4.37131
694.41642 10.89900 6.04024 4.37350
697.28028 10.90694 6.04795 4.37569
700.14414 10.91492 6.05569 4.37788
703.00801 10.92290 6.06343 4.38007
705.87187 10.93095 6.07122 4.38224
708.73574 10.93901 6.07901 4.38441
711.59960 10.94709 6.08683 4.38658
714.46346 10.95521 6.09468 4.38874
717.32733 10.96333 6.10253 4.39091
720.19119 10.97150 6.11042 4.39305
723.05506 10.97969 6.11833 4.39519
725.91892 10.98783 6.12619 4.39733
728.78278 10.99545 6.13362 4.39946
731.64665 11.00308 6.14105 4.40158
734.51051 11.01072 6.14848 4.40370
737.37437 11.01837 6.15593 4.40582
740.23824 11.02602 6.16338 4.40793
743.10210 11.03332 6.17085 4.41003
745.96597 11.04054 6.17832 4.41213
748.82983 11.04776 6.18579 4.41422
751.69369 11.05497 6.19326 4.41629
754.55756 11.06219 6.20072 4.41836
757.42142 11.06927 6.20823 4.42043
760.28529 11.07624 6.21578 4.42250
763.14915 11.08320 6.22333 4.42457
766.01301 11.09003 6.23117 4.42661
768.87688 11.09685 6.23903 4.42866
771.74074 11.10324 6.24543 4.43070
774.60460 11.10840 6.24763 4.43272
777.46847 11.11356 6.24983 4.43474
780.33233 11.11872 6.25202 4.43675
783.19620 11.12381 6.25416 4.43874
786.06006 11.12890 6.25629 4.44073
788.92392 11.13399 6.25842 4.44272
791.78779 11.13901 6.26052 4.44469
794.65165 11.14399 6.26259 4.44664
797.51552 11.14898 6.26466 4.44859
800.37938 11.15393 6.26670 4.45053
803.24324 11.15881 6.26869 4.45247
806.10711 11.16370 6.27069 4.45440
808.97097 11.16858 6.27267 4.45633
811.83483 11.17337 6.27460 4.45824
814.69870 11.17817 6.27652 4.46015
817.56256 11.18296 6.27844 4.46206
820.42643 11.18769 6.28032 4.46395
823.29029 11.19240 6.28218 4.46582
826.15415 11.19710 6.28403 4.46770
829.01802 11.20177 6.28587 4.46957
831.88188 11.20639 6.28767 4.47142
834.74575 11.21102 6.28947 4.47328
837.60961 11.21563 6.29126 4.47513
840.47347 11.22017 6.29300 4.47696
843.33734 11.22472 6.29475 4.47880
846.20120 11.22926 6.29649 4.48064
849.06507 11.23374 6.29819 4.48245
851.92893 11.23821 6.29989 4.48426
854.79279 11.24268 6.30158 4.48607
857.65666 11.24712 6.30325 4.48788
860.52052 11.25153 6.30489 4.48968
863.38438 11.25593 6.30654 4.49148
866.24825 11.26033 6.30818 4.49327
869.11211 11.26468 6.30978 4.49505
871.97598 11.26902 6.31139 4.49682
874.83984 11.27337 6.31299 4.49859
877.70370 11.27767 6.31456 4.50036
880.56757 11.28196 6.31613 4.50212
883.43143 11.28625 6.31770 4.50389
886.29530 11.29052 6.31925 4.50564
889.15916 11.29477 6.32079 4.50739
892.02302 11.29903 6.32233 4.50914
894.88689 11.30327 6.32386 4.51088
897.75075 11.30747 6.32538 4.51261
900.61461 11.31168 6.32690 4.51435
903.47848 11.31588 6.32842 4.51608
906.34234 11.32006 6.32991 4.51780
909.20621 11.32423 6.33141 4.51952
912.07007 11.32840 6.33291 4.52124
914.93393 11.33256 6.33440 4.52296
917.79780 11.33671 6.33589 4.52468
920.66166 11.34086 6.33737 4.52639
923.52553 11.34500 6.33886 4.52810
926.38939 11.34912 6.34033 4.52980
929.25325 11.35325 6.34180 4.53150
932.11712 11.35737 6.34327 4.53320
934.98098 11.36149 6.34474 4.53490
937.84484 11.36561 6.34621 4.53660
940.70871 11.36972 6.34768 4.53830
943.57257 11.37383 6.34915 4.54000
946.43644 11.37794 6.35062 4.54169
949.30030 11.38205 6.35209 4.54338
952.16416 11.38616 6.35357 4.54507
955.02803 11.39027 6.35505 4.54675
957.89189 11.39437 6.35653 4.54843
960.75576 11.39848 6.35802 4.55011
963.61962 11.40260 6.35951 4.55179
966.48348 11.40671 6.36100 4.55347
969.34735 11.41083 6.36250 4.55515
972.21121 11.41496 6.36401 4.55684
975.07508 11.41908 6.36552 4.55852
977.93894 11.42321 6.36703 4.56020
980.80280 11.42735 6.36855 4.56188
983.66667 11.43148 6.37009 4.56356
986.53053 11.43562 6.37163 4.56524
989.39439 11.43977 6.37317 4.56692
992.25826 11.44395 6.37474 4.56860
995.12212 11.44813 6.37631 4.57028
997.98599 11.45231 6.37787 4.57196
1000.84985 11.45651 6.37946 4.57365
1003.71371 11.46072 6.38106 4.57533
1006.57758 11.46492 6.38265 4.57702
1009.44144 11.46915 6.38427 4.57871
1012.30531 11.47338 6.38590 4.58040
1015.16917 11.47761 6.38753 4.58208
1018.03303 11.48186 6.38917 4.58377
1020.89690 11.48612 6.39083 4.58546
1023.76076 11.49038 6.39249 4.58715
1026.62462 11.49465 6.39414 4.58884
1029.48849 11.49894 6.39583 4.59053
1032.35235 11.50322 6.39752 4.59222
1035.21622 11.50751 6.39921 4.59391
1038.08008 11.51181 6.40091 4.59560
1040.94394 11.51612 6.40263 4.59729
1043.80781 11.52042 6.40435 4.59898
1046.67167 11.52474 6.40607 4.60068
1049.53554 11.52906 6.40780 4.60237
1052.39940 11.53339 6.40953 4.60407
1055.26326 11.53772 6.41127 4.60576
1058.12713 11.54207 6.41303 4.60746
1060.99099 11.54643 6.41479 4.60915
1063.85485 11.55078 6.41656 4.61084
1066.71872 11.55514 6.41832 4.61253
1069.58258 11.55951 6.42010 4.61423
1072.44645 11.56387 6.42187 4.61592
1075.31031 11.56824 6.42365 4.61761
1078.17417 11.57262 6.42545 4.61930
1081.03804 11.57699 6.42725 4.62099
1083.90190 11.58137 6.42905 4.62268
1086.76577 11.58576 6.43087 4.62437
1089.62963 11.59016 6.43268 4.62607
1092.49349 11.59455 6.43450 4.62776
1095.35736 11.59895 6.43631 4.62945
1098.22122 11.60336 6.43813 4.63115
1101.08509 11.60776 6.43995 4.63284
1103.94895 11.61217 6.44178 4.63453
1106.81281 11.61658 6.44362 4.63621
1109.67668 11.62099 6.44546 4.63790
1112.54054 11.62540 6.44730 4.63958
1115.40440 11.62982 6.44915 4.64127
1118.26827 11.63423 6.45099 4.64296
1121.13213 11.63864 6.45284 4.64464
1123.99600 11.64306 6.45469 4.64633
1126.85986 11.64748 6.45654 4.64802
1129.72372 11.65190 6.45839 4.64971
1132.58759 11.65632 6.46025 4.65139
1135.45145 11.66072 6.46211 4.65307
1138.31532 11.66513 6.46397 4.65476
1141.17918 11.66954 6.46583 4.65644
1144.04304 11.67396 6.46768 4.65812
1146.90691 11.67838 6.46954 4.65981
1149.77077 11.68280 6.47140 4.66149
1152.63463 11.68721 6.47326 4.66317
1155.49850 11.69162 6.47512 4.66484
1158.36236 11.69603 6.47698 4.66651
1161.22623 11.70044 6.47884 4.66819
1164.09009 11.70485 6.48070 4.66986
1166.95395 11.70926 6.48257 4.67154
1169.81782 11.71367 6.48443 4.67321
1172.68168 11.71807 6.48629 4.67488
1175.54555 11.72246 6.48815 4.67655
1178.40941 11.72686 6.49001 4.67823
1181.27327 11.73124 6.49186 4.67990
1184.13714 11.73563 6.49371 4.68157
1187.00100 11.74001 6.49557 4.68324
1189.86486 11.74439 6.49742 4.68491
1192.72873 11.74877 6.49926 4.68656
1195.59259 11.75314 6.50110 4.68822
1198.45646 11.75751 6.50294 4.68987
1201.32032 11.76187 6.50477 4.69153
1204.18418 11.76623 6.50660 4.69318
1207.04805 11.77058 6.50843 4.69483
1209.91191 11.77492 6.51026 4.69649
1212.77578 11.77926 6.51208 4.69814
1215.63964 11.78359 6.51391 4.69980
1218.50350 11.78791 6.51572 4.70145
1221.36737 11.79223 6.51754 4.70309
1224.23123 11.79655 6.51935 4.70473
1227.09510 11.80086 6.52115 4.70637
1229.95896 11.80515 6.52294 4.70800
1232.82282 11.80944 6.52474 4.70964
1235.68669 11.81373 6.52653 4.71127
1238.55055 11.81800 6.52831 4.71291
1241.41441 11.82228 6.53009 4.71454
1244.27828 11.82655 6.53187 4.71618
1247.14214 11.83081 6.53363 4.71780
1250.00601 11.83507 6.53539 4.71942
1252.86987 11.83933 6.53716 4.72104
1255.73373 11.84357 6.53892 4.72267
1258.59760 11.84780 6.54067 4.72430
1261.46146 11.85203 6.54243 4.72593
1264.32533 11.85625 6.54418 4.72756
1267.18919 11.86046 6.54592 4.72917
1270.05305 11.86467 6.54766 4.73079
1272.91692 11.86888 6.54940 4.73241
1275.78078 11.87308 6.55112 4.73402
1278.64464 11.87727 6.55285 4.73563
1281.50851 11.88147 6.55458 4.73724
1284.37237 11.88565 6.55630 4.73885
1287.23624 11.88982 6.55802 4.74046
1290.10010 11.89399 6.55973 4.74207
1292.96396 11.89816 6.56144 4.74368
1295.82783 11.90231 6.56314 4.74528
1298.69169 11.90646 6.56484 4.74687
1301.55556 11.91061 6.56654 4.74847
1304.41942 11.91474 6.56823 4.75008
1307.28328 11.91887 6.56992 4.75168
1310.14715 11.92300 6.57162 4.75328
1313.01101 11.92712 6.57338 4.75488
1315.87487 11.93123 6.57516 4.75647
1318.73874 11.93534 6.57694 4.75806
1321.60260 11.93945 6.57867 4.75966
1324.46647 11.94355 6.58033 4.76126
1327.33033 11.94765 6.58200 4.76285
1330.19419 11.95175 6.58366 4.76445
1333.05806 11.95583 6.58532 4.76604
1335.92192 11.95990 6.58697 4.76763
1338.78579 11.96398 6.58863 4.76922
1341.64965 11.96804 6.59028 4.77081
1344.51351 11.97211 6.59192 4.77239
1347.37738 11.97617 6.59357 4.77398
1350.24124 11.98022 6.59520 4.77556
1353.10511 11.98426 6.59683 4.77715
1355.96897 11.98831 6.59846 4.77873
1358.83283 11.99235 6.60010 4.78031
1361.69670 11.99637 6.60173 4.78190
1364.56056 12.00040 6.60336 4.78348
1367.42442 12.00443 6.60499 4.78506
1370.28829 12.00844 6.60661 4.78663
1373.15215 12.01246 6.60823 4.78821
1376.01602 12.01647 6.60984 4.78979
1378.87988 12.02047 6.61145 4.79136
1381.74374 12.02446 6.61307 4.79294
1384.60761 12.02845 6.61468 4.79451
1387.47147 12.03244 6.61629 4.79609
1390.33534 12.03641 6.61789 4.79766
1393.19920 12.04038 6.61949 4.79923
1396.06306 12.04435 6.62109 4.80080
1398.92693 12.04832 6.62268 4.80237
1401.79079 12.05228 6.62428 4.80394
1404.65465 12.05625 6.62587 4.80552
1407.51852 12.06021 6.62746 4.80708
1410.38238 12.06416 6.62905 4.80864
1413.24625 12.06811 6.63064 4.81020
1416.11011 12.07205 6.63222 4.81177
1418.97397 12.07599 6.63380 4.81333
1421.83784 12.07993 6.63538 4.81490
1424.70170 12.08387 6.63697 4.81646
1427.56557 12.08779 6.63854 4.81802
1430.42943 12.09172 6.64012 4.81959
1433.29329 12.09564 6.64169 4.82115
1436.15716 12.09955 6.64327 4.82271
1439.02102 12.10347 6.64485 4.82427
1441.88488 12.10738 6.64643 4.82583
1444.74875 12.11129 6.64800 4.82739
1447.61261 12.11518 6.64956 4.82895
1450.47648 12.11908 6.65113 4.83052
1453.34034 12.12297 6.65269 4.83208
1456.20420 12.12686 6.65425 4.83364
1459.06807 12.13075 6.65582 4.83519
1461.93193 12.13464 6.65738 4.83675
1464.79580 12.13852 6.65894 4.83831
1467.65966 12.14239 6.66050 4.83986
1470.52352 12.14627 6.66206 4.84141
1473.38739 12.15014 6.66362 4.84297
1476.25125 12.15400 6.66518 4.84452
1479.11512 12.15785 6.66673 4.84607
1481.97898 12.16171 6.66829 4.84762
1484.84284 12.16557 6.66984 4.84917
1487.70671 12.16942 6.67140 4.85072
1490.57057 12.17328 6.67295 4.85227
1493.43443 12.17712 6.67450 4.85382
1496.29830 12.18097 6.67605 4.85537
1499.16216 12.18481 6.67760 4.85692
1502.02603 12.18865 6.67914 4.85846
1504.88989 12.19248 6.68069 4.86001
1507.75375 12.19632 6.68224 4.86156
1510.61762 12.20015 6.68379 4.86311
1513.48148 12.20397 6.68533 4.86465
1516.34535 12.20780 6.68688 4.86620
1519.20921 12.21163 6.68842 4.86774
1522.07307 12.21544 6.68997 4.86929
1524.93694 12.21926 6.69151 4.87084
1527.80080 12.22308 6.69306 4.87239
1530.66466 12.22689 6.69461 4.87394
1533.52853 12.23070 6.69615 4.87549
1536.39239 12.23451 6.69770 4.87703
1539.25626 12.23831 6.69924 4.87858
1542.12012 12.24212 6.70078 4.88012
1544.98398 12.24592 6.70232 4.88166
1547.84785 12.24972 6.70386 4.88320
1550.71171 12.25351 6.70541 4.88474
1553.57558 12.25731 6.70696 4.88629
1556.43944 12.26110 6.70851 4.88783
1559.30330 12.26489 6.71005 4.88937
1562.16717 12.26867 6.71159 4.89091
1565.03103 12.27245 6.71313 4.89245
1567.89489 12.27623 6.71467 4.89399
1570.75876 12.28001 6.71621 4.89553
1573.62262 12.28379 6.71775 4.89707
1576.48649 12.28758 6.71928 4.89862
1579.35035 12.29135 6.72082 4.90016
1582.21421 12.29512 6.72236 4.90170
1585.07808 12.29890 6.72390 4.90324
1587.94194 12.30266 6.72544 4.90478
1590.80581 12.30642 6.72698 4.90632
1593.66967 12.31019 6.72852 4.90785
1596.53353 12.31394 6.73006 4.90939
1599.39740 12.31770 6.73159 4.91092
1602.26126 12.32146 6.73313 4.91246
1605.12513 12.32521 6.73467 4.91400
1607.98899 12.32896 6.73620 4.91554
1610.85285 12.33271 6.73774 4.91708
1613.71672 12.33646 6.73928 4.91862
1616.58058 12.34021 6.74081 4.92015
1619.44444 12.34395 6.74234 4.92168
1622.30831 12.34770 6.74388 4.92322
1625.17217 12.35144 6.74541 4.92475
1628.03604 12.35517 6.74694 4.92628
1630.89990 12.35891 6.74847 4.92782
1633.76376 12.36264 6.75000 4.92935
1636.62763 12.36637 6.75153 4.93089
1639.49149 12.37011 6.75306 4.93242
1642.35536 12.37384 6.75458 4.93395
1645.21922 12.37756 6.75612 4.93549
1648.08308 12.38129 6.75765 4.93703
1650.94695 12.38501 6.75918 4.93856
1653.81081 12.38873 6.76071 4.94010
1656.67467 12.39245 6.76224 4.94163
1659.53854 12.39617 6.76377 4.94316
1662.40240 12.39988 6.76529 4.94469
1665.26627 12.40360 6.76681 4.94622
1668.13013 12.40731 6.76833 4.94774
1670.99399 12.41102 6.76985 4.94927
1673.85786 12.41473 6.77138 4.95080
1676.72172 12.41844 6.77291 4.95233
1679.58559 12.42216 6.77444 4.95386
1682.44945 12.42586 6.77596 4.95538
1685.31331 12.42957 6.77749 4.95691
1688.17718 12.43327 6.77901 4.95844
1691.04104 12.43697 6.78053 4.95997
1693.90490 12.44067 6.78205 4.96149
1696.76877 12.44437 6.78357 4.96302
1699.63263 12.44807 6.78510 4.96455
1702.49650 12.45176 6.78662 4.96607
1705.36036 12.45545 6.78814 4.96759
1708.22422 12.45914 6.78966 4.96912
1711.08809 12.46283 6.79117 4.97065
1713.95195 12.46652 6.79268 4.97217
1716.81582 12.47021 6.79420 4.97370
1719.67968 12.47390 6.79571 4.97522
1722.54354 12.47757 6.79722 4.97674
1725.40741 12.48125 6.79874 4.97826
1728.27127 12.48493 6.80025 4.97978
1731.13514 12.48861 6.80177 4.98130
1733.99900 12.49229 6.80328 4.98282
1736.86286 12.49598 6.80480 4.98434
1739.72673 12.49965 6.80631 4.98586
1742.59059 12.50332 6.80781 4.98738
1745.45445 12.50699 6.80932 4.98891
1748.31832 12.51066 6.81083 4.99043
1751.18218 12.51433 6.81235 4.99195
1754.04605 12.51801 6.81386 4.99346
1756.90991 12.52167 6.81537 4.99498
1759.77377 12.52534 6.81687 4.99650
1762.63764 12.52901 6.81837 4.99802
1765.50150 12.53267 6.81988 4.99954
1768.36537 12.53634 6.82138 5.00106
1771.22923 12.54001 6.82288 5.00258
1774.09309 12.54368 6.82439 5.00410
1776.95696 12.54733 6.82589 5.00562
1779.82082 12.55099 6.82739 5.00713
1782.68468 12.55465 6.82889 5.00865
1785.54855 12.55830 6.83039 5.01016
1788.41241 12.56195 6.83189 5.01167
1791.27628 12.56561 6.83339 5.01318
1794.14014 12.56926 6.83489 5.01469
1797.00400 12.57291 6.83639 5.01621
1799.86787 12.57656 6.83788 5.01773
1802.73173 12.58021 6.83938 5.01925
1805.59560 12.58386 6.84088 5.02076
1808.45946 12.58751 6.84238 5.02226
1811.32332 12.59116 6.84387 5.02377
1814.18719 12.59481 6.84537 5.02528
1817.05105 12.59846 6.84686 5.02679
1819.91491 12.60211 6.84835 5.02830
1822.77878 12.60576 6.84984 5.02981
1825.64264 12.60940 6.85132 5.03132
1828.50651 12.61304 6.85281 5.03283
1831.37037 12.61668 6.85429 5.03434
1834.23423 12.62032 6.85578 5.03585
1837.09810 12.62396 6.85727 5.03735
1839.96196 12.62760 6.85876 5.03886
1842.82583 12.63123 6.86025 5.04037
1845.68969 12.63486 6.86172 5.04187
1848.55355 12.63850 6.86320 5.04338
1851.41742 12.64213 6.86468 5.04489
1854.28128 12.64576 6.86617 5.04640
1857.14515 12.64939 6.86765 5.04791
1860.00901 12.65302 6.86914 5.04942
1862.87287 12.65666 6.87061 5.05092
1865.73674 12.66029 6.87208 5.05243
1868.60060 12.66392 6.87354 5.05393
1871.46446 12.66754 6.87501 5.05543
1874.32833 12.67116 6.87648 5.05693
1877.19219 12.67478 6.87795 5.05843
1880.05606 12.67840 6.87942 5.05993
1882.91992 12.68201 6.88088 5.06143
1885.78378 12.68562 6.88234 5.06293
1888.64765 12.68923 6.88380 5.06443
1891.51151 12.69284 6.88526 5.06593
1894.37538 12.69645 6.88673 5.06743
1897.23924 12.70006 6.88819 5.06893
1900.10310 12.70367 6.88964 5.07042
1902.96697 12.70727 6.89110 5.07192
1905.83083 12.71088 6.89255 5.07342
1908.69469 12.71448 6.89400 5.07491
1911.55856 12.71808 6.89545 5.07640
1914.42242 12.72168 6.89690 5.07789
1917.28629 12.72528 6.89835 5.07938
1920.15015 12.72887 6.89979 5.08088
1923.01401 12.73246 6.90122 5.08237
1925.87788 12.73605 6.90266 5.08387
1928.74174 12.73963 6.90409 5.08536
1931.60561 12.74320 6.90552 5.08685
1934.46947 12.74678 6.90695 5.08834
1937.33333 12.75036 6.90838 5.08983
1940.19720 12.75394 6.90980 5.09131
1943.06106 12.75751 6.91122 5.09280
1945.92492 12.76109 6.91264 5.09428
1948.78879 12.76465 6.91406 5.09577
1951.65265 12.76821 6.91548 5.09725
1954.51652 12.77178 6.91690 5.09874
1957.38038 12.77533 6.91830 5.10022
1960.24424 12.77888 6.91970 5.10170
1963.10811 12.78244 6.92111 5.10318
1965.97197 12.78598 6.92251 5.10466
1968.83584 12.78952 6.92391 5.10614
1971.69970 12.79306 6.92530 5.10762
1974.56356 12.79660 6.92670 5.10909
1977.42743 12.80014 6.92808 5.11057
1980.29129 12.80367 6.92947 5.11204
1983.15516 12.80721 6.93086 5.11352
1986.01902 12.81074 6.93223 5.11499
1988.88288 12.81426 6.93361 5.11647
1991.74675 12.81779 6.93498 5.11794
1994.61061 12.82130 6.93635 5.11941
1997.47447 12.82482 6.93772 5.12088
2000.33834 12.82833 6.93909 5.12235
2003.20220 12.83183 6.94045 5.12382
2006.06607 12.83534 6.94180 5.12528
2008.92993 12.83884 6.94315 5.12674
2011.79379 12.84234 6.94450 5.12821
2014.65766 12.84583 6.94586 5.12967
2017.52152 12.84932 6.94721 5.13113
2020.38539 12.85281 6.94856 5.13259
2023.24925 12.85629 6.94989 5.13405
2026.11311 12.85976 6.95122 5.13551
2028.97698 12.86323 6.95255 5.13697
2031.84084 12.86670 6.95387 5.13843
2034.70470 12.87016 6.95519 5.13989
2037.56857 12.87362 6.95651 5.14135
2040.43243 12.87708 6.95782 5.14281
2043.29630 12.88053 6.95913 5.14426
2046.16016 12.88398 6.96044 5.14571
2049.02402 12.88743 6.96174 5.14716
2051.88789 12.89087 6.96304 5.14861
2054.75175 12.89431 6.96433 5.15006
2057.61562 12.89775 6.96563 5.15150
2060.47948 12.90118 6.96691 5.15295
2063.34334 12.90460 6.96819 5.15439
2066.20721 12.90801 6.96947 5.15584
2069.07107 12.91143 6.97074 5.15728
2071.93493 12.91483 6.97201 5.15872
2074.79880 12.91823 6.97328 5.16016
2077.66266 12.92164 6.97455 5.16160
2080.52653 12.92503 6.97580 5.16304
2083.39039 12.92842 6.97705 5.16448
2086.25425 12.93181 6.97829 5.16592
2089.11812 12.93519 6.97953 5.16735
2091.98198 12.93855 6.98077 5.16878
2094.84585 12.94192 6.98201 5.17021
2097.70971 12.94529 6.98324 5.17164
2100.57357 12.94865 6.98446 5.17307
2103.43744 12.95202 6.98568 5.17449
2106.30130 12.95538 6.98691 5.17592
2109.16517 12.95872 6.98812 5.17734
2112.02903 12.96206 6.98932 5.17877
2114.89289 12.96540 6.99053 5.18020
2117.75676 12.96873 6.99173 5.18162
2120.62062 12.97205 6.99293 5.18304
2123.48448 12.97537 6.99412 5.18445
2126.34835 12.97869 6.99531 5.18587
2129.21221 12.98200 6.99648 5.18728
2132.07608 12.98531 6.99765 5.18870
2134.93994 12.98861 6.99883 5.19011
2137.80380 12.99191 7.00000 5.19153
2140.66767 12.99521 7.00117 5.19294
2143.53153 12.99851 7.00234 5.19435
2146.39540 13.00180 7.00349 5.19576
2149.25926 13.00508 7.00464 5.19717
2152.12312 13.00836 7.00579 5.19858
2154.98699 13.01164 7.00694 5.19999
2157.85085 13.01491 7.00808 5.20139
2160.71471 13.01817 7.00922 5.20280
2163.57858 13.02144 7.01037 5.20421
2166.44244 13.02469 7.01150 5.20561
2169.30631 13.02794 7.01263 5.20702
2172.17017 13.03119 7.01377 5.20843
2175.03403 13.03444 7.01489 5.20983
2177.89790 13.03769 7.01601 5.21123
2180.76176 13.04094 7.01714 5.21263
2183.62563 13.04418 7.01825 5.21402
2186.48949 13.04741 7.01937 5.21542
2189.35335 13.05064 7.02048 5.21681
2192.21722 13.05386 7.02159 5.21821
2195.08108 13.05708 7.02270 5.21960
2197.94494 13.06029 7.02381 5.22100
2200.80881 13.06351 7.02491 5.22240
2203.67267 13.06672 7.02601 5.22379
2206.53654 13.06994 7.02711 5.22518
2209.40040 13.07315 7.02821 5.22656
2212.26426 13.07635 7.02929 5.22795
2215.12813 13.07955 7.03037 5.22934
2217.99199 13.08274 7.03145 5.23073
2220.85586 13.08593 7.03253 5.23212
2223.71972 13.08912 7.03362 5.23351
2226.58358 13.09231 7.03472 5.23490
2229.44745 13.09550 7.03581 5.23629
2232.31131 13.09869 7.03688 5.23768
2235.17518 13.10187 7.03796 5.23907
2238.03904 13.10506 7.03904 5.24046
2240.90290 13.10823 7.04011 5.24184
2243.76677 13.11140 7.04119 5.24323
2246.63063 13.11457 7.04226 5.24461
2249.49449 13.11774 7.04333 5.24599
2252.35836 13.12090 7.04440 5.24738
2255.22222 13.12406 7.04547 5.24876
2258.08609 13.12723 7.04653 5.25015
2260.94995 13.13039 7.04760 5.25153
2263.81381 13.13354 7.04866 5.25291
2266.67768 13.13670 7.04973 5.25429
2269.54154 13.13985 7.05079 5.25567
2272.40541 13.14300 7.05186 5.25705
2275.26927 13.14615 7.05292 5.25843
2278.13313 13.14929 7.05398 5.25981
2280.99700 13.15243 7.05505 5.26119
2283.86086 13.15558 7.05611 5.26257
2286.72472 13.15872 7.05717 5.26395
2289.58859 13.16185 7.05824 5.26533
2292.45245 13.16499 7.05930 5.26671
2295.31632 13.16812 7.06036 5.26809
2298.18018 13.17126 7.06142 5.26947
2301.04404 13.17439 7.06248 5.27085
2303.90791 13.17752 7.06354 5.27223
2306.77177 13.18066 7.06460 5.27360
2309.63564 13.18379 7.06567 5.27498
2312.49950 13.18692 7.06673 5.27636
2315.36336 13.19005 7.06779 5.27774
2318.22723 13.19317 7.06885 5.27912
2321.09109 13.19629 7.06991 5.28049
2323.95495 13.19941 7.07097 5.28187
2326.81882 13.20253 7.07204 5.28325
2329.68268 13.20565 7.07310 5.28463
2332.54655 13.20877 7.07417 5.28601
2335.41041 13.21189 7.07523 5.28740
2338.27427 13.21501 7.07630 5.28878
2341.13814 13.21812 7.07738 5.29016
2344.00200 13.22124 7.07845 5.29154
2346.86587 13.22436 7.07952 5.29292
2349.72973 13.22747 7.08059 5.29429
2352.59359 13.23059 7.08166 5.29567
2355.45746 13.23370 7.08273 5.29705
2358.32132 13.23681 7.08380 5.29843
2361.18519 13.23992 7.08488 5.29981
2364.04905 13.24304 7.08596 5.30119
2366.91291 13.24615 7.08705 5.30257
2369.77678 13.24927 7.08813 5.30395
2372.64064 13.25238 7.08922 5.30533
2375.50450 13.25548 7.09030 5.30672
2378.36837 13.25859 7.09138 5.30811
2381.23223 13.26169 7.09246 5.30949
2384.09610 13.26481 7.09355 5.31088
2386.95996 13.26793 7.09464 5.31226
2389.82382 13.27105 7.09574 5.31364
2392.68769 13.27416 7.09684 5.31502
2395.55155 13.27727 7.09795 5.31640
2398.41542 13.28038 7.09905 5.31779
2401.27928 13.28350 7.10016 5.31917
2404.14314 13.28662 7.10127 5.32055
2407.00701 13.28973 7.10239 5.32193
2409.87087 13.29285 7.10350 5.32332
2412.73473 13.29597 7.10463 5.32471
2415.59860 13.29910 7.10575 5.32610
2418.46246 13.30222 7.10688 5.32750
2421.32633 13.30534 7.10801 5.32889
2424.19019 13.30846 7.10914 5.33028
2427.05405 13.31158 7.11028 5.33167
2429.91792 13.31470 7.11142 5.33307
2432.78178 13.31783 7.11257 5.33446
2435.64565 13.32096 7.11372 5.33586
2438.50951 13.32410 7.11487 5.33726
2441.37337 13.32724 7.11603 5.33866
2444.23724 13.33037 7.11718 5.34006
2447.10110 13.33351 7.11834 5.34146
2449.96496 13.33666 7.11952 5.34286
2452.82883 13.33981 7.12071 5.34426
2455.69269 13.34296 7.12189 5.34566
2458.55656 13.34611 7.12308 5.34706
2461.42042 13.34926 7.12427 5.34847
2464.28428 13.35242 7.12546 5.34987
2467.14815 13.35558 7.12666 5.35128
2470.01201 13.35875 7.12788 5.35269
2472.87588 13.36192 7.12909 5.35410
2475.73974 13.36509 7.13031 5.35551
2478.60360 13.36827 7.13154 5.35692
2481.46747 13.37145 7.13277 5.35834
2484.33133 13.37463 7.13399 5.35975
2487.19520 13.37782 7.13524 5.36117
2490.05906 13.38101 7.13649 5.36259
2492.92292 13.38420 7.13775 5.36401
2495.78679 13.38740 7.13901 5.36543
2498.65065 13.39061 7.14029 5.36685
2501.51451 13.39381 7.14156 5.36827
2504.37838 13.39702 7.14284 5.36970
2507.24224 13.40024 7.14414 5.37113
2510.10611 13.40346 7.14544 5.37257
2512.96997 13.40668 7.14673 5.37400
2515.83383 13.40992 7.14805 5.37544
2518.69770 13.41316 7.14937 5.37688
2521.56156 13.41640 7.15069 5.37832
2524.42543 13.41965 7.15203 5.37976
2527.28929 13.42290 7.15337 5.38119
2530.15315 13.42615 7.15472 5.38263
2533.01702 13.42940 7.15607 5.38407
2535.88088 13.43268 7.15745 5.38552
2538.74474 13.43595 7.15882 5.38697
2541.60861 13.43923 7.16020 5.38842
2544.47247 13.44252 7.16160 5.38987
2547.33634 13.44582 7.16300 5.39132
2550.20020 13.44912 7.16440 5.39277
2553.06406 13.45243 7.16581 5.39423
2555.92793 13.45574 7.16723 5.39569
2558.79179 13.45905 7.16866 5.39716
2561.65566 13.46237 7.17009 5.39862
2564.51952 13.46570 7.17156 5.40009
2567.38338 13.46904 7.17302 5.40156
2570.24725 13.47238 7.17449 5.40303
2573.11111 13.47575 7.17598 5.40451
2575.97497 13.47911 7.17748 5.40599
2578.83884 13.48248 7.17897 5.40747
2581.70270 13.48585 7.18049 5.40896
2584.56657 13.48924 7.18202 5.41044
2587.43043 13.49262 7.18355 5.41192
2590.29429 13.49601 7.18509 5.41341
2593.15816 13.49943 7.18665 5.41490
2596.02202 13.50284 7.18822 5.41640
2598.88589 13.50626 7.18979 5.41790
2601.74975 13.50970 7.19137 5.41940
2604.61361 13.51314 7.19295 5.42090
2607.47748 13.51658 7.19454 5.42240
2610.34134 13.52003 7.19615 5.42390
2613.20521 13.52349 7.19778 5.42541
2616.06907 13.52694 7.19940 5.42692
2618.93293 13.53041 7.20104 5.42843
2621.79680 13.53389 7.20269 5.42995
2624.66066 13.53738 7.20435 5.43147
2627.52452 13.54086 7.20600 5.43299
2630.38839 13.54437 7.20768 5.43452
2633.25225 13.54787 7.20936 5.43604
2636.11612 13.55138 7.21104 5.43757
2638.97998 13.55489 7.21273 5.43909
2641.84384 13.55842 7.21443 5.44062
2644.70771 13.56194 7.21613 5.44215
2647.57157 13.56546 7.21784 5.44367
2650.43544 13.56900 7.21955 5.44520
2653.29930 13.57254 7.22126 5.44673
2656.16316 13.57608 7.22297 5.44826
2659.02703 13.57962 7.22470 5.44979
2661.89089 13.58315 7.22643 5.45132
2664.75475 13.58669 7.22816 5.45285
2667.61862 13.59025 7.22990 5.45439
2670.48248 13.59381 7.23163 5.45593
2673.34635 13.59737 7.23336 5.45748
2676.21021 13.60093 7.23510 5.45902
2679.07407 13.60450 7.23685 5.46056
2681.93794 13.60807 7.23860 5.46209
2684.80180 13.61164 7.24035 5.46363
2687.66567 13.61521 7.24210 5.46517
2690.52953 13.61879 7.24385 5.46671
2693.39339 13.62236 7.24561 5.46826
2696.25726 13.62594 7.24735 5.46980
2699.12112 13.62951 7.24910 5.47134
2701.98498 13.63309 7.25084 5.47288
2704.84885 13.63666 7.25259 5.47441
2707.71271 13.64022 7.25435 5.47595
2710.57658 13.64379 7.25610 5.47749
2713.44044 13.64736 7.25784 5.47903
2716.30430 13.65095 7.25958 5.48056
2719.16817 13.65453 7.26131 5.48210
2722.03203 13.65812 7.26304 5.48363
2724.89590 13.66169 7.26478 5.48517
2727.75976 13.66526 7.26651 5.48671
2730.62362 13.66884 7.26825 5.48824
2733.48749 13.67241 7.26998 5.48978
2736.35135 13.67598 7.27170 5.49131
2739.21522 13.67955 7.27342 5.49284
2742.07908 13.68205 7.27463 5.49437
2744.94294 13.68280 7.27499 5.49589
2747.80681 13.68355 7.27535 5.49742
2750.67067 13.68430 7.27571 5.49894
2753.53453 13.68504 7.27606 5.50047
2756.39840 13.68578 7.27640 5.50199
2759.26226 13.68652 7.27674 5.50352
2762.12613 13.68724 7.27706 5.50504
2764.98999 13.68795 7.27737 5.50655
2767.85385 13.68866 7.27768 5.50807
2770.71772 13.68937 7.27798 5.50958
2773.58158 13.69006 7.27826 5.51109
2776.44545 13.69076 7.27855 5.51259
2779.30931 13.69145 7.27882 5.51410
2782.17317 13.69212 7.27907 5.51561
2785.03704 13.69279 7.27933 5.51711
2787.90090 13.69346 7.27958 5.51862
2790.76476 13.69412 7.27981 5.52011
2793.62863 13.69478 7.28003 5.52161
2796.49249 13.69544 7.28026 5.52310
2799.35636 13.69608 7.28046 5.52459
2802.22022 13.69672 7.28066 5.52608
2805.08408 13.69735 7.28085 5.52757
2807.94795 13.69799 7.28104 5.52906
2810.81181 13.69861 7.28122 5.53055
2813.67568 13.69924 7.28140 5.53203
2816.53954 13.69986 7.28157 5.53352
2819.40340 13.70047 7.28172 5.53500
2822.26727 13.70108 7.28187 5.53648
2825.13113 13.70168 7.28203 5.53796
2827.99499 13.70228 7.28216 5.53944
2830.85886 13.70287 7.28228 5.54092
2833.72272 13.70347 7.28241 5.54240
2836.58659 13.70406 7.28253 5.54388
2839.45045 13.70464 7.28264 5.54536
2842.31431 13.70523 7.28275 5.54684
2845.17818 13.70580 7.28285 5.54832
2848.04204 13.70638 7.28295 5.54978
2850.90591 13.70695 7.28304 5.55125
2853.76977 13.70752 7.28314 5.55271
2856.63363 13.70808 7.28322 5.55419
2859.49750 13.70864 7.28330 5.55566
2862.36136 13.70920 7.28337 5.55714
2865.22523 13.70976 7.28344 5.55860
2868.08909 13.71032 7.28351 5.56007
2870.95295 13.71088 7.28357 5.56154
2873.81682 13.71143 7.28363 5.56301
2876.68068 13.71199 7.28367 5.56448
2879.54454 13.71254 7.28372 5.56596
2882.40841 13.71310 7.28377 5.56743
2885.27227 13.71365 7.28383 5.56891
2888.13614 13.71421 7.28388 5.57038
2891.00000 13.71476 7.28393 5.57185
