2891.00000 8.06482 0.00000 9.90349
2893.26076 8.06862 0.00000 9.90705
2895.52152 8.07243 0.00000 9.91061
2897.78228 8.07623 0.00000 9.91416
2900.04304 8.08003 0.00000 9.91772
2902.30380 8.08383 0.00000 9.92128
2904.56456 8.08764 0.00000 9.92484
2906.82533 8.09144 0.00000 9.92840
2909.08609 8.09524 0.00000 9.93196
2911.34685 8.09905 0.00000 9.93551
2913.60761 8.10285 0.00000 9.93907
2915.86837 8.10665 0.00000 9.94263
2918.12913 8.11045 0.00000 9.94619
2920.38989 8.11426 0.00000 9.94975
2922.65065 8.11806 0.00000 9.95330
2924.91141 8.12186 0.00000 9.95686
2927.17217 8.12567 0.00000 9.96042
2929.43293 8.12947 0.00000 9.96398
2931.69369 8.13327 0.00000 9.96754
2933.95445 8.13707 0.00000 9.97109
2936.21522 8.14088 0.00000 9.97465
2938.47598 8.14468 0.00000 9.97821
2940.73674 8.14848 0.00000 9.98177
2942.99750 8.15229 0.00000 9.98533
2945.25826 8.15609 0.00000 9.98889
2947.51902 8.15989 0.00000 9.99244
2949.77978 8.16369 0.00000 9.99600
2952.04054 8.16750 0.00000 9.99956
2954.30130 8.17130 0.00000 10.00312
2956.56206 8.17510 0.00000 10.00668
2958.82282 8.17891 0.00000 10.01023
2961.08358 8.18271 0.00000 10.01379
2963.34434 8.18651 0.00000 10.01735
2965.60511 8.19032 0.00000 10.02091
2967.86587 8.19412 0.00000 10.02447
2970.12663 8.19792 0.00000 10.02803
2972.38739 8.20162 0.00000 10.03151
2974.64815 8.20526 0.00000 10.03494
2976.90891 8.20889 0.00000 10.03838
2979.16967 8.21253 0.00000 10.04181
2981.43043 8.21616 0.00000 10.04525
2983.69119 8.21980 0.00000 10.04868
2985.95195 8.22343 0.00000 10.05212
2988.21271 8.22707 0.00000 10.05555
2990.47347 8.23070 0.00000 10.05899
2992.73423 8.23434 0.00000 10.06242
2994.99499 8.23797 0.00000 10.06586
2997.25576 8.24161 0.00000 10.06929
2999.51652 8.24524 0.00000 10.07273
3001.77728 8.24888 0.00000 10.07616
3004.03804 8.25252 0.00000 10.07960
3006.29880 8.25615 0.00000 10.08303
3008.55956 8.25979 0.00000 10.08647
3010.82032 8.26342 0.00000 10.08990
3013.08108 8.26706 0.00000 10.09334
3015.34184 8.27069 0.00000 10.09677
3017.60260 8.27433 0.00000 10.10021
3019.86336 8.27796 0.00000 10.10364
3022.12412 8.28160 0.00000 10.10708
3024.38488 8.28523 0.00000 10.11051
3026.64565 8.28887 0.00000 10.11395
3028.90641 8.29250 0.00000 10.11738
3031.16717 8.29614 0.00000 10.12082
3033.42793 8.29977 0.00000 10.12425
3035.68869 8.30341 0.00000 10.12769
3037.94945 8.30704 0.00000 10.13112
3040.21021 8.31068 0.00000 10.13456
3042.47097 8.31432 0.00000 10.13799
3044.73173 8.31795 0.00000 10.14143
3046.99249 8.32159 0.00000 10.14486
3049.25325 8.32522 0.00000 10.14830
3051.51401 8.32886 0.00000 10.15173
3053.77477 8.33249 0.00000 10.15517
3056.03554 8.33613 0.00000 10.15860
3058.29630 8.33976 0.00000 10.16204
3060.55706 8.34340 0.00000 10.16547
3062.81782 8.34703 0.00000 10.16891
3065.07858 8.35067 0.00000 10.17234
3067.33934 8.35430 0.00000 10.17578
3069.60010 8.35794 0.00000 10.17921
3071.86086 8.36151 0.00000 10.18260
3074.12162 8.36496 0.00000 10.18590
3076.38238 8.36841 0.00000 10.18919
3078.64314 8.37187 0.00000 10.19249
3080.90390 8.37532 0.00000 10.19579
3083.16466 8.37878 0.00000 10.19909
3085.42543 8.38223 0.00000 10.20239
3087.68619 8.38568 0.00000 10.20569
3089.94695 8.38914 0.00000 10.20899
3092.20771 8.39259 0.00000 10.21229
3094.46847 8.39605 0.00000 10.21559
3096.72923 8.39950 0.00000 10.21888
3098.98999 8.40296 0.00000 10.22218
3101.25075 8.40641 0.00000 10.22548
3103.51151 8.40986 0.00000 10.22878
3105.77227 8.41332 0.00000 10.23208
3108.03303 8.41677 0.00000 10.23538
3110.29379 8.42023 0.00000 10.23868
3112.55455 8.42368 0.00000 10.24198
3114.81532 8.42714 0.00000 10.24528
3117.07608 8.43059 0.00000 10.24857
3119.33684 8.43404 0.00000 10.25187
3121.59760 8.43750 0.00000 10.25517
3123.85836 8.44095 0.00000 10.25847
3126.11912 8.44441 0.00000 10.26177
3128.37988 8.44786 0.00000 10.26507
3130.64064 8.45131 0.00000 10.26837
3132.90140 8.45477 0.00000 10.27167
3135.16216 8.45822 0.00000 10.27497
3137.42292 8.46168 0.00000 10.27826
3139.68368 8.46513 0.00000 10.28156
3141.94444 8.46859 0.00000 10.28486
3144.20521 8.47204 0.00000 10.28816
3146.46597 8.47549 0.00000 10.29146
3148.72673 8.47895 0.00000 10.29476
3150.98749 8.48240 0.00000 10.29806
3153.24825 8.48586 0.00000 10.30136
3155.50901 8.48931 0.00000 10.30466
3157.76977 8.49277 0.00000 10.30795
3160.03053 8.49622 0.00000 10.31125
3162.29129 8.49967 0.00000 10.31455
3164.55205 8.50313 0.00000 10.31785
3166.81281 8.50658 0.00000 10.32115
3169.07357 8.51004 0.00000 10.32445
3171.33433 8.51347 0.00000 10.32773
3173.59510 8.51674 0.00000 10.33089
3175.85586 8.52002 0.00000 10.33406
3178.11662 8.52330 0.00000 10.33722
3180.37738 8.52658 0.00000 10.34039
3182.63814 8.52986 0.00000 10.34355
3184.89890 8.53314 0.00000 10.34672
3187.15966 8.53642 0.00000 10.34989
3189.42042 8.53970 0.00000 10.35305
3191.68118 8.54298 0.00000 10.35622
3193.94194 8.54626 0.00000 10.35938
3196.20270 8.54954 0.00000 10.36255
3198.46346 8.55282 0.00000 10.36571
3200.72422 8.55610 0.00000 10.36888
3202.98498 8.55938 0.00000 10.37204
3205.24575 8.56266 0.00000 10.37521
3207.50651 8.56594 0.00000 10.37837
3209.76727 8.56922 0.00000 10.38154
3212.02803 8.57250 0.00000 10.38470
3214.28879 8.57578 0.00000 10.38787
3216.54955 8.57906 0.00000 10.39103
3218.81031 8.58234 0.00000 10.39420
3221.07107 8.58562 0.00000 10.39736
3223.33183 8.58890 0.00000 10.40053
3225.59259 8.59218 0.00000 10.40370
3227.85335 8.59546 0.00000 10.40686
3230.11411 8.59874 0.00000 10.41003
3232.37487 8.60202 0.00000 10.41319
3234.63564 8.60530 0.00000 10.41636
3236.89640 8.60858 0.00000 10.41952
3239.15716 8.61186 0.00000 10.42269
3241.41792 8.61514 0.00000 10.42585
3243.67868 8.61841 0.00000 10.42902
3245.93944 8.62169 0.00000 10.43218
3248.20020 8.62497 0.00000 10.43535
3250.46096 8.62825 0.00000 10.43851
3252.72172 8.63153 0.00000 10.44168
3254.98248 8.63481 0.00000 10.44484
3257.24324 8.63809 0.00000 10.44801
3259.50400 8.64137 0.00000 10.45117
3261.76476 8.64465 0.00000 10.45434
3264.02553 8.64793 0.00000 10.45751
3266.28629 8.65121 0.00000 10.46067
3268.54705 8.65449 0.00000 10.46384
3270.80781 8.65777 0.00000 10.46700
3273.06857 8.66090 0.00000 10.47005
3275.32933 8.66401 0.00000 10.47308
3277.59009 8.66712 0.00000 10.47612
3279.85085 8.67024 0.00000 10.47915
3282.11161 8.67335 0.00000 10.48219
3284.37237 8.67646 0.00000 10.48522
3286.63313 8.67957 0.00000 10.48826
3288.89389 8.68269 0.00000 10.49129
3291.15465 8.68580 0.00000 10.49433
3293.41542 8.68891 0.00000 10.49736
3295.67618 8.69202 0.00000 10.50040
3297.93694 8.69514 0.00000 10.50343
3300.19770 8.69825 0.00000 10.50647
3302.45846 8.70136 0.00000 10.50950
3304.71922 8.70447 0.00000 10.51254
3306.97998 8.70759 0.00000 10.51557
3309.24074 8.71070 0.00000 10.51861
3311.50150 8.71381 0.00000 10.52164
3313.76226 8.71693 0.00000 10.52468
3316.02302 8.72004 0.00000 10.52771
3318.28378 8.72315 0.00000 10.53075
3320.54454 8.72626 0.00000 10.53378
3322.80531 8.72938 0.00000 10.53682
3325.06607 8.73249 0.00000 10.53985
3327.32683 8.73560 0.00000 10.54289
3329.58759 8.73871 0.00000 10.54592
3331.84835 8.74183 0.00000 10.54896
3334.10911 8.74494 0.00000 10.55199
3336.36987 8.74805 0.00000 10.55503
3338.63063 8.75116 0.00000 10.55806
3340.89139 8.75428 0.00000 10.56110
3343.15215 8.75739 0.00000 10.56413
3345.41291 8.76050 0.00000 10.56717
3347.67367 8.76361 0.00000 10.57020
3349.93443 8.76673 0.00000 10.57324
3352.19520 8.76984 0.00000 10.57627
3354.45596 8.77295 0.00000 10.57931
3356.71672 8.77606 0.00000 10.58234
3358.97748 8.77918 0.00000 10.58538
3361.23824 8.78229 0.00000 10.58841
3363.49900 8.78540 0.00000 10.59145
3365.75976 8.78852 0.00000 10.59448
3368.02052 8.79163 0.00000 10.59752
3370.28128 8.79474 0.00000 10.60056
3372.54204 8.79774 0.00000 10.60350
3374.80280 8.80070 0.00000 10.60641
3377.06356 8.80365 0.00000 10.60932
3379.32432 8.80660 0.00000 10.61223
3381.58509 8.80955 0.00000 10.61513
3383.84585 8.81251 0.00000 10.61804
3386.10661 8.81546 0.00000 10.62095
3388.36737 8.81841 0.00000 10.62385
3390.62813 8.82136 0.00000 10.62676
3392.88889 8.82431 0.00000 10.62967
3395.14965 8.82727 0.00000 10.63258
3397.41041 8.83022 0.00000 10.63548
3399.67117 8.83317 0.00000 10.63839
3401.93193 8.83612 0.00000 10.64130
3404.19269 8.83908 0.00000 10.64421
3406.45345 8.84203 0.00000 10.64711
3408.71421 8.84498 0.00000 10.65002
3410.97497 8.84793 0.00000 10.65293
3413.23574 8.85089 0.00000 10.65584
3415.49650 8.85384 0.00000 10.65874
3417.75726 8.85679 0.00000 10.66165
3420.01802 8.85974 0.00000 10.66456
3422.27878 8.86269 0.00000 10.66746
3424.53954 8.86565 0.00000 10.67037
3426.80030 8.86860 0.00000 10.67328
3429.06106 8.87155 0.00000 10.67619
3431.32182 8.87450 0.00000 10.67909
3433.58258 8.87746 0.00000 10.68200
3435.84334 8.88041 0.00000 10.68491
3438.10410 8.88336 0.00000 10.68782
3440.36486 8.88631 0.00000 10.69072
3442.62563 8.88927 0.00000 10.69363
3444.88639 8.89222 0.00000 10.69654
3447.14715 8.89517 0.00000 10.69945
3449.40791 8.89812 0.00000 10.70235
3451.66867 8.90108 0.00000 10.70526
3453.92943 8.90403 0.00000 10.70817
3456.19019 8.90698 0.00000 10.71107
3458.45095 8.90993 0.00000 10.71398
3460.71171 8.91288 0.00000 10.71689
3462.97247 8.91584 0.00000 10.71980
3465.23323 8.91879 0.00000 10.72270
3467.49399 8.92174 0.00000 10.72561
3469.75475 8.92469 0.00000 10.72852
3472.01552 8.92758 0.00000 10.73137
3474.27628 8.93038 0.00000 10.73415
3476.53704 8.93318 0.00000 10.73694
3478.79780 8.93598 0.00000 10.73972
3481.05856 8.93878 0.00000 10.74250
3483.31932 8.94158 0.00000 10.74528
3485.58008 8.94437 0.00000 10.74807
3487.84084 8.94717 0.00000 10.75085
3490.10160 8.94997 0.00000 10.75363
3492.36236 8.95277 0.00000 10.75641
3494.62312 8.95557 0.00000 10.75920
3496.88388 8.95837 0.00000 10.76198
3499.14464 8.96117 0.00000 10.76476
3501.40541 8.96397 0.00000 10.76755
3503.66617 8.96677 0.00000 10.77033
3505.92693 8.96957 0.00000 10.77311
3508.18769 8.97237 0.00000 10.77589
3510.44845 8.97517 0.00000 10.77868
3512.70921 8.97797 0.00000 10.78146
3514.96997 8.98077 0.00000 10.78424
3517.23073 8.98357 0.00000 10.78703
3519.49149 8.98637 0.00000 10.78981
3521.75225 8.98917 0.00000 10.79259
3524.01301 8.99197 0.00000 10.79537
3526.27377 8.99477 0.00000 10.79816
3528.53453 8.99757 0.00000 10.80094
3530.79530 9.00036 0.00000 10.80372
3533.05606 9.00316 0.00000 10.80650
3535.31682 9.00596 0.00000 10.80929
3537.57758 9.00876 0.00000 10.81207
3539.83834 9.01156 0.00000 10.81485
3542.09910 9.01436 0.00000 10.81764
3544.35986 9.01716 0.00000 10.82042
3546.62062 9.01996 0.00000 10.82320
3548.88138 9.02276 0.00000 10.82598
3551.14214 9.02556 0.00000 10.82877
3553.40290 9.02836 0.00000 10.83155
3555.66366 9.03116 0.00000 10.83433
3557.92442 9.03396 0.00000 10.83712
3560.18519 9.03676 0.00000 10.83990
3562.44595 9.03956 0.00000 10.84268
3564.70671 9.04236 0.00000 10.84546
3566.96747 9.04516 0.00000 10.84825
3569.22823 9.04796 0.00000 10.85103
3571.48899 9.05072 0.00000 10.85379
3573.74975 9.05338 0.00000 10.85645
3576.01051 9.05603 0.00000 10.85911
3578.27127 9.05868 0.00000 10.86177
3580.53203 9.06134 0.00000 10.86443
3582.79279 9.06399 0.00000 10.86709
3585.05355 9.06664 0.00000 10.86975
3587.31431 9.06930 0.00000 10.87241
3589.57508 9.07195 0.00000 10.87507
3591.83584 9.07461 0.00000 10.87773
3594.09660 9.07726 0.00000 10.88039
3596.35736 9.07991 0.00000 10.88306
3598.61812 9.08257 0.00000 10.88572
3600.87888 9.08522 0.00000 10.88838
3603.13964 9.08787 0.00000 10.89104
3605.40040 9.09053 0.00000 10.89370
3607.66116 9.09318 0.00000 10.89636
3609.92192 9.09583 0.00000 10.89902
3612.18268 9.09849 0.00000 10.90168
3614.44344 9.10114 0.00000 10.90434
3616.70420 9.10379 0.00000 10.90700
3618.96496 9.10645 0.00000 10.90966
3621.22573 9.10910 0.00000 10.91233
3623.48649 9.11175 0.00000 10.91499
3625.74725 9.11441 0.00000 10.91765
3628.00801 9.11706 0.00000 10.92031
3630.26877 9.11971 0.00000 10.92297
3632.52953 9.12237 0.00000 10.92563
3634.79029 9.12502 0.00000 10.92829
3637.05105 9.12767 0.00000 10.93095
3639.31181 9.13033 0.00000 10.93361
3641.57257 9.13298 0.00000 10.93627
3643.83333 9.13563 0.00000 10.93893
3646.09409 9.13829 0.00000 10.94160
3648.35485 9.14094 0.00000 10.94426
3650.61562 9.14359 0.00000 10.94692
3652.87638 9.14625 0.00000 10.94958
3655.13714 9.14890 0.00000 10.95224
3657.39790 9.15156 0.00000 10.95490
3659.65866 9.15421 0.00000 10.95756
3661.91942 9.15686 0.00000 10.96022
3664.18018 9.15952 0.00000 10.96288
3666.44094 9.16217 0.00000 10.96554
3668.70170 9.16482 0.00000 10.96820
3670.96246 9.16748 0.00000 10.97087
3673.22322 9.16999 0.00000 10.97341
3675.48398 9.17250 0.00000 10.97595
3677.74474 9.17502 0.00000 10.97849
3680.00551 9.17753 0.00000 10.98104
3682.26627 9.18004 0.00000 10.98358
3684.52703 9.18256 0.00000 10.98612
3686.78779 9.18507 0.00000 10.98866
3689.04855 9.18758 0.00000 10.99120
3691.30931 9.19009 0.00000 10.99375
3693.57007 9.19261 0.00000 10.99629
3695.83083 9.19512 0.00000 10.99883
3698.09159 9.19763 0.00000 11.00137
3700.35235 9.20015 0.00000 11.00391
3702.61311 9.20266 0.00000 11.00646
3704.87387 9.20517 0.00000 11.00900
3707.13463 9.20768 0.00000 11.01154
3709.39540 9.21020 0.00000 11.01408
3711.65616 9.21271 0.00000 11.01662
3713.91692 9.21522 0.00000 11.01917
3716.17768 9.21773 0.00000 11.02171
3718.43844 9.22025 0.00000 11.02425
3720.69920 9.22276 0.00000 11.02679
3722.95996 9.22527 0.00000 11.02933
3725.22072 9.22779 0.00000 11.03188
3727.48148 9.23030 0.00000 11.03442
3729.74224 9.23281 0.00000 11.03696
3732.00300 9.23532 0.00000 11.03950
3734.26376 9.23784 0.00000 11.04204
3736.52452 9.24035 0.00000 11.04459
3738.78529 9.24286 0.00000 11.04713
3741.04605 9.24538 0.00000 11.04967
3743.30681 9.24789 0.00000 11.05221
3745.56757 9.25040 0.00000 11.05475
3747.82833 9.25291 0.00000 11.05730
3750.08909 9.25543 0.00000 11.05984
3752.34985 9.25794 0.00000 11.06238
3754.61061 9.26045 0.00000 11.06492
3756.87137 9.26297 0.00000 11.06746
3759.13213 9.26548 0.00000 11.07001
3761.39289 9.26799 0.00000 11.07255
3763.65365 9.27050 0.00000 11.07509
3765.91441 9.27302 0.00000 11.07763
3768.17518 9.27553 0.00000 11.08017
3770.43594 9.27804 0.00000 11.08272
3772.69670 9.28046 0.00000 11.08517
3774.95746 9.28285 0.00000 11.08760
3777.21822 9.28523 0.00000 11.09002
3779.47898 9.28762 0.00000 11.09245
3781.73974 9.29000 0.00000 11.09488
3784.00050 9.29239 0.00000 11.09730
3786.26126 9.29477 0.00000 11.09973
3788.52202 9.29716 0.00000 11.10215
3790.78278 9.29954 0.00000 11.10458
3793.04354 9.30193 0.00000 11.10701
3795.30430 9.30431 0.00000 11.10943
3797.56507 9.30670 0.00000 11.11186
3799.82583 9.30908 0.00000 11.11429
3802.08659 9.31147 0.00000 11.11671
3804.34735 9.31385 0.00000 11.11914
3806.60811 9.31624 0.00000 11.12156
3808.86887 9.31863 0.00000 11.12399
3811.12963 9.32101 0.00000 11.12642
3813.39039 9.32340 0.00000 11.12884
3815.65115 9.32578 0.00000 11.13127
3817.91191 9.32817 0.00000 11.13370
3820.17267 9.33055 0.00000 11.13612
3822.43343 9.33294 0.00000 11.13855
3824.69419 9.33532 0.00000 11.14097
3826.95495 9.33771 0.00000 11.14340
3829.21572 9.34009 0.00000 11.14583
3831.47648 9.34248 0.00000 11.14825
3833.73724 9.34486 0.00000 11.15068
3835.99800 9.34725 0.00000 11.15311
3838.25876 9.34963 0.00000 11.15553
3840.51952 9.35202 0.00000 11.15796
3842.78028 9.35441 0.00000 11.16038
3845.04104 9.35679 0.00000 11.16281
3847.30180 9.35918 0.00000 11.16524
3849.56256 9.36156 0.00000 11.16766
3851.82332 9.36395 0.00000 11.17009
3854.08408 9.36633 0.00000 11.17252
3856.34484 9.36872 0.00000 11.17494
3858.60561 9.37110 0.00000 11.17737
3860.86637 9.37349 0.00000 11.17979
3863.12713 9.37587 0.00000 11.18222
3865.38789 9.37826 0.00000 11.18465
3867.64865 9.38064 0.00000 11.18707
3869.90941 9.38303 0.00000 11.18950
3872.17017 9.38535 0.00000 11.19187
3874.43093 9.38761 0.00000 11.19418
3876.69169 9.38987 0.00000 11.19649
3878.95245 9.39213 0.00000 11.19881
3881.21321 9.39438 0.00000 11.20112
3883.47397 9.39664 0.00000 11.20343
3885.73473 9.39890 0.00000 11.20575
3887.99550 9.40116 0.00000 11.20806
3890.25626 9.40342 0.00000 11.21037
3892.51702 9.40568 0.00000 11.21268
3894.77778 9.40794 0.00000 11.21500
3897.03854 9.41020 0.00000 11.21731
3899.29930 9.41245 0.00000 11.21962
3901.56006 9.41471 0.00000 11.22194
3903.82082 9.41697 0.00000 11.22425
3906.08158 9.41923 0.00000 11.22656
3908.34234 9.42149 0.00000 11.22887
3910.60310 9.42375 0.00000 11.23119
3912.86386 9.42601 0.00000 11.23350
3915.12462 9.42826 0.00000 11.23581
3917.38539 9.43052 0.00000 11.23813
3919.64615 9.43278 0.00000 11.24044
3921.90691 9.43504 0.00000 11.24275
3924.16767 9.43730 0.00000 11.24507
3926.42843 9.43956 0.00000 11.24738
3928.68919 9.44182 0.00000 11.24969
3930.94995 9.44408 0.00000 11.25200
3933.21071 9.44633 0.00000 11.25432
3935.47147 9.44859 0.00000 11.25663
3937.73223 9.45085 0.00000 11.25894
3939.99299 9.45311 0.00000 11.26126
3942.25375 9.45537 0.00000 11.26357
3944.51451 9.45763 0.00000 11.26588
3946.77528 9.45989 0.00000 11.26820
3949.03604 9.46215 0.00000 11.27051
3951.29680 9.46440 0.00000 11.27282
3953.55756 9.46666 0.00000 11.27513
3955.81832 9.46892 0.00000 11.27745
3958.07908 9.47118 0.00000 11.27976
3960.33984 9.47344 0.00000 11.28207
3962.60060 9.47570 0.00000 11.28439
3964.86136 9.47796 0.00000 11.28670
3967.12212 9.48022 0.00000 11.28901
3969.38288 9.48247 0.00000 11.29133
3971.64364 9.48470 0.00000 11.29361
3973.90440 9.48684 0.00000 11.29581
3976.16517 9.48898 0.00000 11.29801
3978.42593 9.49112 0.00000 11.30022
3980.68669 9.49327 0.00000 11.30242
3982.94745 9.49541 0.00000 11.30462
3985.20821 9.49755 0.00000 11.30682
3987.46897 9.49969 0.00000 11.30903
3989.72973 9.50183 0.00000 11.31123
3991.99049 9.50397 0.00000 11.31343
3994.25125 9.50611 0.00000 11.31564
3996.51201 9.50825 0.00000 11.31784
3998.77277 9.51040 0.00000 11.32004
4001.03353 9.51254 0.00000 11.32224
4003.29429 9.51468 0.00000 11.32445
4005.55506 9.51682 0.00000 11.32665
4007.81582 9.51896 0.00000 11.32885
4010.07658 9.52110 0.00000 11.33106
4012.33734 9.52324 0.00000 11.33326
4014.59810 9.52539 0.00000 11.33546
4016.85886 9.52753 0.00000 11.33766
4019.11962 9.52967 0.00000 11.33987
4021.38038 9.53181 0.00000 11.34207
4023.64114 9.53395 0.00000 11.34427
4025.90190 9.53609 0.00000 11.34648
4028.16266 9.53823 0.00000 11.34868
4030.42342 9.54038 0.00000 11.35088
4032.68418 9.54252 0.00000 11.35309
4034.94494 9.54466 0.00000 11.35529
4037.20571 9.54680 0.00000 11.35749
4039.46647 9.54894 0.00000 11.35969
4041.72723 9.55108 0.00000 11.36190
4043.98799 9.55322 0.00000 11.36410
4046.24875 9.55537 0.00000 11.36630
4048.50951 9.55751 0.00000 11.36851
4050.77027 9.55965 0.00000 11.37071
4053.03103 9.56179 0.00000 11.37291
4055.29179 9.56393 0.00000 11.37511
4057.55255 9.56607 0.00000 11.37732
4059.81331 9.56821 0.00000 11.37952
4062.07407 9.57036 0.00000 11.38172
4064.33483 9.57250 0.00000 11.38393
4066.59560 9.57464 0.00000 11.38613
4068.85636 9.57678 0.00000 11.38833
4071.11712 9.57892 0.00000 11.39053
4073.37788 9.58095 0.00000 11.39262
4075.63864 9.58298 0.00000 11.39472
4077.89940 9.58501 0.00000 11.39682
4080.16016 9.58704 0.00000 11.39891
4082.42092 9.58907 0.00000 11.40101
4084.68168 9.59110 0.00000 11.40310
4086.94244 9.59313 0.00000 11.40520
4089.20320 9.59516 0.00000 11.40729
4091.46396 9.59719 0.00000 11.40939
4093.72472 9.59923 0.00000 11.41148
4095.98549 9.60126 0.00000 11.41358
4098.24625 9.60329 0.00000 11.41567
4100.50701 9.60532 0.00000 11.41777
4102.76777 9.60735 0.00000 11.41987
4105.02853 9.60938 0.00000 11.42196
4107.28929 9.61141 0.00000 11.42406
4109.55005 9.61344 0.00000 11.42615
4111.81081 9.61547 0.00000 11.42825
4114.07157 9.61751 0.00000 11.43034
4116.33233 9.61954 0.00000 11.43244
4118.59309 9.62157 0.00000 11.43453
4120.85385 9.62360 0.00000 11.43663
4123.11461 9.62563 0.00000 11.43873
4125.37538 9.62766 0.00000 11.44082
4127.63614 9.62969 0.00000 11.44292
4129.89690 9.63172 0.00000 11.44501
4132.15766 9.63375 0.00000 11.44711
4134.41842 9.63579 0.00000 11.44920
4136.67918 9.63782 0.00000 11.45130
4138.93994 9.63985 0.00000 11.45339
4141.20070 9.64188 0.00000 11.45549
4143.46146 9.64391 0.00000 11.45758
4145.72222 9.64594 0.00000 11.45968
4147.98298 9.64797 0.00000 11.46178
4150.24374 9.65000 0.00000 11.46387
4152.50450 9.65203 0.00000 11.46597
4154.76527 9.65406 0.00000 11.46806
4157.02603 9.65610 0.00000 11.47016
4159.28679 9.65813 0.00000 11.47225
4161.54755 9.66016 0.00000 11.47435
4163.80831 9.66219 0.00000 11.47644
4166.06907 9.66422 0.00000 11.47854
4168.32983 9.66625 0.00000 11.48064
4170.59059 9.66828 0.00000 11.48273
4172.85135 9.67023 0.00000 11.48474
4175.11211 9.67216 0.00000 11.48673
4177.37287 9.67408 0.00000 11.48872
4179.63363 9.67601 0.00000 11.49071
4181.89439 9.67794 0.00000 11.49271
4184.15516 9.67987 0.00000 11.49470
4186.41592 9.68180 0.00000 11.49669
4188.67668 9.68372 0.00000 11.49868
4190.93744 9.68565 0.00000 11.50067
4193.19820 9.68758 0.00000 11.50266
4195.45896 9.68951 0.00000 11.50465
4197.71972 9.69144 0.00000 11.50664
4199.98048 9.69336 0.00000 11.50864
4202.24124 9.69529 0.00000 11.51063
4204.50200 9.69722 0.00000 11.51262
4206.76276 9.69915 0.00000 11.51461
4209.02352 9.70108 0.00000 11.51660
4211.28428 9.70300 0.00000 11.51859
4213.54505 9.70493 0.00000 11.52058
4215.80581 9.70686 0.00000 11.52257
4218.06657 9.70879 0.00000 11.52457
4220.32733 9.71072 0.00000 11.52656
4222.58809 9.71264 0.00000 11.52855
4224.84885 9.71457 0.00000 11.53054
4227.10961 9.71650 0.00000 11.53253
4229.37037 9.71843 0.00000 11.53452
4231.63113 9.72036 0.00000 11.53651
4233.89189 9.72228 0.00000 11.53851
4236.15265 9.72421 0.00000 11.54050
4238.41341 9.72614 0.00000 11.54249
4240.67417 9.72807 0.00000 11.54448
4242.93493 9.73000 0.00000 11.54647
4245.19570 9.73192 0.00000 11.54846
4247.45646 9.73385 0.00000 11.55045
4249.71722 9.73578 0.00000 11.55244
4251.97798 9.73771 0.00000 11.55444
4254.23874 9.73964 0.00000 11.55643
4256.49950 9.74156 0.00000 11.55842
4258.76026 9.74349 0.00000 11.56041
4261.02102 9.74542 0.00000 11.56240
4263.28178 9.74735 0.00000 11.56439
4265.54254 9.74928 0.00000 11.56638
4267.80330 9.75120 0.00000 11.56837
4270.06406 9.75313 0.00000 11.57037
4272.32482 9.75500 0.00000 11.57230
4274.58559 9.75684 0.00000 11.57419
4276.84635 9.75867 0.00000 11.57608
4279.10711 9.76050 0.00000 11.57797
4281.36787 9.76233 0.00000 11.57986
4283.62863 9.76416 0.00000 11.58175
4285.88939 9.76599 0.00000 11.58364
4288.15015 9.76783 0.00000 11.58553
4290.41091 9.76966 0.00000 11.58742
4292.67167 9.77149 0.00000 11.58931
4294.93243 9.77332 0.00000 11.59120
4297.19319 9.77515 0.00000 11.59308
4299.45395 9.77699 0.00000 11.59497
4301.71471 9.77882 0.00000 11.59686
4303.97548 9.78065 0.00000 11.59875
4306.23624 9.78248 0.00000 11.60064
4308.49700 9.78431 0.00000 11.60253
4310.75776 9.78615 0.00000 11.60442
4313.01852 9.78798 0.00000 11.60631
4315.27928 9.78981 0.00000 11.60820
4317.54004 9.79164 0.00000 11.61009
4319.80080 9.79347 0.00000 11.61198
4322.06156 9.79531 0.00000 11.61387
4324.32232 9.79714 0.00000 11.61576
4326.58308 9.79897 0.00000 11.61765
4328.84384 9.80080 0.00000 11.61954
4331.10460 9.80263 0.00000 11.62143
4333.36537 9.80446 0.00000 11.62332
4335.62613 9.80630 0.00000 11.62521
4337.88689 9.80813 0.00000 11.62710
4340.14765 9.80996 0.00000 11.62899
4342.40841 9.81179 0.00000 11.63088
4344.66917 9.81362 0.00000 11.63277
4346.92993 9.81546 0.00000 11.63466
4349.19069 9.81729 0.00000 11.63655
4351.45145 9.81912 0.00000 11.63844
4353.71221 9.82095 0.00000 11.64033
4355.97297 9.82278 0.00000 11.64222
4358.23373 9.82462 0.00000 11.64411
4360.49449 9.82645 0.00000 11.64600
4362.75526 9.82828 0.00000 11.64789
4365.01602 9.83011 0.00000 11.64978
4367.27678 9.83194 0.00000 11.65167
4369.53754 9.83377 0.00000 11.65356
4371.79830 9.83558 0.00000 11.65541
4374.05906 9.83732 0.00000 11.65720
4376.31982 9.83906 0.00000 11.65899
4378.58058 9.84080 0.00000 11.66079
4380.84134 9.84255 0.00000 11.66258
4383.10210 9.84429 0.00000 11.66437
4385.36286 9.84603 0.00000 11.66616
4387.62362 9.84778 0.00000 11.66795
4389.88438 9.84952 0.00000 11.66974
4392.14515 9.85126 0.00000 11.67153
4394.40591 9.85301 0.00000 11.67332
4396.66667 9.85475 0.00000 11.67512
4398.92743 9.85649 0.00000 11.67691
4401.18819 9.85824 0.00000 11.67870
4403.44895 9.85998 0.00000 11.68049
4405.70971 9.86172 0.00000 11.68228
4407.97047 9.86346 0.00000 11.68407
4410.23123 9.86521 0.00000 11.68586
4412.49199 9.86695 0.00000 11.68765
4414.75275 9.86869 0.00000 11.68945
4417.01351 9.87044 0.00000 11.69124
4419.27427 9.87218 0.00000 11.69303
4421.53504 9.87392 0.00000 11.69482
4423.79580 9.87567 0.00000 11.69661
4426.05656 9.87741 0.00000 11.69840
4428.31732 9.87915 0.00000 11.70019
4430.57808 9.88089 0.00000 11.70198
4432.83884 9.88264 0.00000 11.70377
4435.09960 9.88438 0.00000 11.70557
4437.36036 9.88612 0.00000 11.70736
4439.62112 9.88787 0.00000 11.70915
4441.88188 9.88961 0.00000 11.71094
4444.14264 9.89135 0.00000 11.71273
4446.40340 9.89310 0.00000 11.71452
4448.66416 9.89484 0.00000 11.71631
4450.92492 9.89658 0.00000 11.71810
4453.18569 9.89833 0.00000 11.71990
4455.44645 9.90007 0.00000 11.72169
4457.70721 9.90181 0.00000 11.72348
4459.96797 9.90355 0.00000 11.72527
4462.22873 9.90530 0.00000 11.72706
4464.48949 9.90704 0.00000 11.72885
4466.75025 9.90878 0.00000 11.73064
4469.01101 9.91053 0.00000 11.73243
4471.27177 9.91226 0.00000 11.73421
4473.53253 9.91392 0.00000 11.73591
4475.79329 9.91558 0.00000 11.73760
4478.05405 9.91724 0.00000 11.73930
4480.31481 9.91890 0.00000 11.74100
4482.57558 9.92057 0.00000 11.74269
4484.83634 9.92223 0.00000 11.74439
4487.09710 9.92389 0.00000 11.74608
4489.35786 9.92555 0.00000 11.74778
4491.61862 9.92721 0.00000 11.74947
4493.87938 9.92887 0.00000 11.75117
4496.14014 9.93053 0.00000 11.75286
4498.40090 9.93219 0.00000 11.75456
4500.66166 9.93386 0.00000 11.75625
4502.92242 9.93552 0.00000 11.75795
4505.18318 9.93718 0.00000 11.75964
4507.44394 9.93884 0.00000 11.76134
4509.70470 9.94050 0.00000 11.76303
4511.96547 9.94216 0.00000 11.76473
4514.22623 9.94382 0.00000 11.76643
4516.48699 9.94548 0.00000 11.76812
4518.74775 9.94715 0.00000 11.76982
4521.00851 9.94881 0.00000 11.77151
4523.26927 9.95047 0.00000 11.77321
4525.53003 9.95213 0.00000 11.77490
4527.79079 9.95379 0.00000 11.77660
4530.05155 9.95545 0.00000 11.77829
4532.31231 9.95711 0.00000 11.77999
4534.57307 9.95877 0.00000 11.78168
4536.83383 9.96043 0.00000 11.78338
4539.09459 9.96210 0.00000 11.78507
4541.35536 9.96376 0.00000 11.78677
4543.61612 9.96542 0.00000 11.78846
4545.87688 9.96708 0.00000 11.79016
4548.13764 9.96874 0.00000 11.79186
4550.39840 9.97040 0.00000 11.79355
4552.65916 9.97206 0.00000 11.79525
4554.91992 9.97372 0.00000 11.79694
4557.18068 9.97539 0.00000 11.79864
4559.44144 9.97705 0.00000 11.80033
4561.70220 9.97871 0.00000 11.80203
4563.96296 9.98037 0.00000 11.80372
4566.22372 9.98203 0.00000 11.80542
4568.48448 9.98369 0.00000 11.80711
4570.74525 9.98535 0.00000 11.80881
4573.00601 9.98695 0.00000 11.81042
4575.26677 9.98853 0.00000 11.81203
4577.52753 9.99012 0.00000 11.81363
4579.78829 9.99171 0.00000 11.81523
4582.04905 9.99329 0.00000 11.81683
4584.30981 9.99488 0.00000 11.81844
4586.57057 9.99647 0.00000 11.82004
4588.83133 9.99805 0.00000 11.82164
4591.09209 9.99964 0.00000 11.82325
4593.35285 10.00123 0.00000 11.82485
4595.61361 10.00281 0.00000 11.82645
4597.87437 10.00440 0.00000 11.82805
4600.13514 10.00599 0.00000 11.82966
4602.39590 10.00757 0.00000 11.83126
4604.65666 10.00916 0.00000 11.83286
4606.91742 10.01075 0.00000 11.83447
4609.17818 10.01233 0.00000 11.83607
4611.43894 10.01392 0.00000 11.83767
4613.69970 10.01551 0.00000 11.83927
4615.96046 10.01709 0.00000 11.84088
4618.22122 10.01868 0.00000 11.84248
4620.48198 10.02027 0.00000 11.84408
4622.74274 10.02185 0.00000 11.84569
4625.00350 10.02344 0.00000 11.84729
4627.26426 10.02503 0.00000 11.84889
4629.52503 10.02661 0.00000 11.85049
4631.78579 10.02820 0.00000 11.85210
4634.04655 10.02979 0.00000 11.85370
4636.30731 10.03137 0.00000 11.85530
4638.56807 10.03296 0.00000 11.85691
4640.82883 10.03455 0.00000 11.85851
4643.08959 10.03613 0.00000 11.86011
4645.35035 10.03772 0.00000 11.86171
4647.61111 10.03931 0.00000 11.86332
4649.87187 10.04089 0.00000 11.86492
4652.13263 10.04248 0.00000 11.86652
4654.39339 10.04407 0.00000 11.86813
4656.65415 10.04565 0.00000 11.86973
4658.91491 10.04724 0.00000 11.87133
4661.17568 10.04883 0.00000 11.87293
4663.43644 10.05041 0.00000 11.87454
4665.69720 10.05200 0.00000 11.87614
4667.95796 10.05359 0.00000 11.87774
4670.21872 10.05517 0.00000 11.87935
4672.47948 10.05671 0.00000 11.88089
4674.74024 10.05823 0.00000 11.88240
4677.00100 10.05975 0.00000 11.88392
4679.26176 10.06127 0.00000 11.88543
4681.52252 10.06279 0.00000 11.88694
4683.78328 10.06431 0.00000 11.88845
4686.04404 10.06583 0.00000 11.88997
4688.30480 10.06735 0.00000 11.89148
4690.56557 10.06887 0.00000 11.89299
4692.82633 10.07039 0.00000 11.89451
4695.08709 10.07190 0.00000 11.89602
4697.34785 10.07342 0.00000 11.89753
4699.60861 10.07494 0.00000 11.89904
4701.86937 10.07646 0.00000 11.90056
4704.13013 10.07798 0.00000 11.90207
4706.39089 10.07950 0.00000 11.90358
4708.65165 10.08102 0.00000 11.90510
4710.91241 10.08254 0.00000 11.90661
4713.17317 10.08406 0.00000 11.90812
4715.43393 10.08558 0.00000 11.90964
4717.69469 10.08709 0.00000 11.91115
4719.95546 10.08861 0.00000 11.91266
4722.21622 10.09013 0.00000 11.91417
4724.47698 10.09165 0.00000 11.91569
4726.73774 10.09317 0.00000 11.91720
4728.99850 10.09469 0.00000 11.91871
4731.25926 10.09621 0.00000 11.92023
4733.52002 10.09773 0.00000 11.92174
4735.78078 10.09925 0.00000 11.92325
4738.04154 10.10077 0.00000 11.92476
4740.30230 10.10228 0.00000 11.92628
4742.56306 10.10380 0.00000 11.92779
4744.82382 10.10532 0.00000 11.92930
4747.08458 10.10684 0.00000 11.93082
4749.34535 10.10836 0.00000 11.93233
4751.60611 10.10988 0.00000 11.93384
4753.86687 10.11140 0.00000 11.93535
4756.12763 10.11292 0.00000 11.93687
4758.38839 10.11444 0.00000 11.93838
4760.64915 10.11596 0.00000 11.93989
4762.90991 10.11747 0.00000 11.94141
4765.17067 10.11899 0.00000 11.94292
4767.43143 10.12051 0.00000 11.94443
4769.69219 10.12203 0.00000 11.94594
4771.95295 10.12352 0.00000 11.94742
4774.21371 10.12498 0.00000 11.94885
4776.47447 10.12644 0.00000 11.95027
4778.73524 10.12790 0.00000 11.95170
4780.99600 10.12936 0.00000 11.95312
4783.25676 10.13082 0.00000 11.95455
4785.51752 10.13228 0.00000 11.95598
4787.77828 10.13374 0.00000 11.95740
4790.03904 10.13519 0.00000 11.95883
4792.29980 10.13665 0.00000 11.96025
4794.56056 10.13811 0.00000 11.96168
4796.82132 10.13957 0.00000 11.96311
4799.08208 10.14103 0.00000 11.96453
4801.34284 10.14249 0.00000 11.96596
4803.60360 10.14395 0.00000 11.96738
4805.86436 10.14540 0.00000 11.96881
4808.12513 10.14686 0.00000 11.97023
4810.38589 10.14832 0.00000 11.97166
4812.64665 10.14978 0.00000 11.97309
4814.90741 10.15124 0.00000 11.97451
4817.16817 10.15270 0.00000 11.97594
4819.42893 10.15416 0.00000 11.97736
4821.68969 10.15561 0.00000 11.97879
4823.95045 10.15707 0.00000 11.98022
4826.21121 10.15853 0.00000 11.98164
4828.47197 10.15999 0.00000 11.98307
4830.73273 10.16145 0.00000 11.98449
4832.99349 10.16291 0.00000 11.98592
4835.25425 10.16437 0.00000 11.98735
4837.51502 10.16583 0.00000 11.98877
4839.77578 10.16728 0.00000 11.99020
4842.03654 10.16874 0.00000 11.99162
4844.29730 10.17020 0.00000 11.99305
4846.55806 10.17166 0.00000 11.99447
4848.81882 10.17312 0.00000 11.99590
4851.07958 10.17458 0.00000 11.99733
4853.34034 10.17604 0.00000 11.99875
4855.60110 10.17749 0.00000 12.00018
4857.86186 10.17895 0.00000 12.00160
4860.12262 10.18041 0.00000 12.00303
4862.38338 10.18187 0.00000 12.00446
4864.64414 10.18333 0.00000 12.00588
4866.90490 10.18479 0.00000 12.00731
4869.16567 10.18625 0.00000 12.00873
4871.42643 10.18770 0.00000 12.01014
4873.68719 10.18910 0.00000 12.01148
4875.94795 10.19051 0.00000 12.01283
4878.20871 10.19191 0.00000 12.01417
4880.46947 10.19332 0.00000 12.01551
4882.73023 10.19472 0.00000 12.01685
4884.99099 10.19613 0.00000 12.01819
4887.25175 10.19753 0.00000 12.01954
4889.51251 10.19894 0.00000 12.02088
4891.77327 10.20034 0.00000 12.02222
4894.03403 10.20175 0.00000 12.02356
4896.29479 10.20315 0.00000 12.02490
4898.55556 10.20456 0.00000 12.02624
4900.81632 10.20596 0.00000 12.02759
4903.07708 10.20737 0.00000 12.02893
4905.33784 10.20877 0.00000 12.03027
4907.59860 10.21018 0.00000 12.03161
4909.85936 10.21158 0.00000 12.03295
4912.12012 10.21299 0.00000 12.03429
4914.38088 10.21440 0.00000 12.03564
4916.64164 10.21580 0.00000 12.03698
4918.90240 10.21721 0.00000 12.03832
4921.16316 10.21861 0.00000 12.03966
4923.42392 10.22002 0.00000 12.04100
4925.68468 10.22142 0.00000 12.04235
4927.94545 10.22283 0.00000 12.04369
4930.20621 10.22423 0.00000 12.04503
4932.46697 10.22564 0.00000 12.04637
4934.72773 10.22704 0.00000 12.04771
4936.98849 10.22845 0.00000 12.04905
4939.24925 10.22985 0.00000 12.05040
4941.51001 10.23126 0.00000 12.05174
4943.77077 10.23266 0.00000 12.05308
4946.03153 10.23407 0.00000 12.05442
4948.29229 10.23547 0.00000 12.05576
4950.55305 10.23688 0.00000 12.05710
4952.81381 10.23829 0.00000 12.05845
4955.07457 10.23969 0.00000 12.05979
4957.33534 10.24110 0.00000 12.06113
4959.59610 10.24250 0.00000 12.06247
4961.85686 10.24391 0.00000 12.06381
4964.11762 10.24531 0.00000 12.06516
4966.37838 10.24672 0.00000 12.06650
4968.63914 10.24812 0.00000 12.06784
4970.89990 10.24953 0.00000 12.06918
4973.16066 10.25089 0.00000 12.07044
4975.42142 10.25225 0.00000 12.07171
4977.68218 10.25361 0.00000 12.07297
4979.94294 10.25497 0.00000 12.07423
4982.20370 10.25633 0.00000 12.07549
4984.46446 10.25768 0.00000 12.07675
4986.72523 10.25904 0.00000 12.07801
4988.98599 10.26040 0.00000 12.07927
4991.24675 10.26176 0.00000 12.08053
4993.50751 10.26312 0.00000 12.08179
4995.76827 10.26448 0.00000 12.08305
4998.02903 10.26584 0.00000 12.08431
5000.28979 10.26720 0.00000 12.08557
5002.55055 10.26856 0.00000 12.08683
5004.81131 10.26992 0.00000 12.08809
5007.07207 10.27128 0.00000 12.08935
5009.33283 10.27264 0.00000 12.09061
5011.59359 10.27399 0.00000 12.09187
5013.85435 10.27535 0.00000 12.09314
5016.11512 10.27671 0.00000 12.09440
5018.37588 10.27807 0.00000 12.09566
5020.63664 10.27943 0.00000 12.09692
5022.89740 10.28079 0.00000 12.09818
5025.15816 10.28215 0.00000 12.09944
5027.41892 10.28351 0.00000 12.10070
5029.67968 10.28487 0.00000 12.10196
5031.94044 10.28623 0.00000 12.10322
5034.20120 10.28759 0.00000 12.10448
5036.46196 10.28895 0.00000 12.10574
5038.72272 10.29030 0.00000 12.10700
5040.98348 10.29166 0.00000 12.10826
5043.24424 10.29302 0.00000 12.10952
5045.50501 10.29438 0.00000 12.11078
5047.76577 10.29574 0.00000 12.11204
5050.02653 10.29710 0.00000 12.11331
5052.28729 10.29846 0.00000 12.11457
5054.54805 10.29982 0.00000 12.11583
5056.80881 10.30118 0.00000 12.11709
5059.06957 10.30254 0.00000 12.11835
5061.33033 10.30390 0.00000 12.11961
5063.59109 10.30526 0.00000 12.12087
5065.85185 10.30661 0.00000 12.12213
5068.11261 10.30797 0.00000 12.12339
5070.37337 10.30933 0.00000 12.12465
5072.63413 10.31067 0.00000 12.12586
5074.89489 10.31199 0.00000 12.12705
5077.15566 10.31331 0.00000 12.12824
5079.41642 10.31464 0.00000 12.12943
5081.67718 10.31596 0.00000 12.13062
5083.93794 10.31729 0.00000 12.13181
5086.19870 10.31861 0.00000 12.13300
5088.45946 10.31993 0.00000 12.13419
5090.72022 10.32126 0.00000 12.13539
5092.98098 10.32258 0.00000 12.13658
5095.24174 10.32391 0.00000 12.13777
5097.50250 10.32523 0.00000 12.13896
5099.76326 10.32655 0.00000 12.14015
5102.02402 10.32788 0.00000 12.14134
5104.28478 10.32920 0.00000 12.14253
5106.54555 10.33053 0.00000 12.14372
5108.80631 10.33185 0.00000 12.14491
5111.06707 10.33317 0.00000 12.14610
5113.32783 10.33450 0.00000 12.14729
5115.58859 10.33582 0.00000 12.14848
5117.84935 10.33715 0.00000 12.14967
5120.11011 10.33847 0.00000 12.15086
5122.37087 10.33979 0.00000 12.15205
5124.63163 10.34112 0.00000 12.15324
5126.89239 10.34244 0.00000 12.15443
5129.15315 10.34376 0.00000 12.15562
5131.41391 10.34509 0.00000 12.15682
5133.67467 10.34641 0.00000 12.15801
5135.93544 10.34774 0.00000 12.15920
5138.19620 10.34906 0.00000 12.16039
5140.45696 10.35038 0.00000 12.16158
5142.71772 10.35171 0.00000 12.16277
5144.97848 10.35303 0.00000 12.16396
5147.23924 10.35436 0.00000 12.16515
5149.50000 10.35568 0.00000 12.16634
