35.000    8.0400    4.4700    3.3198
77.500    8.0450    4.4850    3.3455
120.000    8.0500    4.5000    3.3713
165.000    8.1750    4.5090    3.3985
210.000    8.3000    4.5180    3.4258
210.000    8.3000    4.5220    3.4258
260.000    8.4825    4.6090    3.4561
310.000    8.6650    4.6960    3.4864
360.000    8.8475    4.7830    3.5167
410.000    9.0300    4.8700    3.5470
410.000    9.3600    5.0700    3.7557
460.000    9.5280    5.1760    3.8175
510.000    9.6960    5.2820    3.8793
560.000    9.8640    5.3880    3.9410
610.000   10.0320    5.4940    4.0028
660.000   10.2000    5.6000    4.0646
660.000   10.7900    5.9500    4.3714
710.000   10.9229    6.0797    4.4010
760.000   11.0558    6.2095    4.4305
809.500   11.1440    6.2474    4.4596
859.000   11.2300    6.2841    4.4885
908.500   11.3140    6.3199    4.5173
958.000   11.3960    6.3546    4.5459
1007.500   11.4761    6.3883    4.5744
1057.000   11.5543    6.4211    4.6028
1106.500   11.6308    6.4530    4.6310
1156.000   11.7056    6.4841    4.6591
1205.500   11.7787    6.5143    4.6870
1255.000   11.8504    6.5438    4.7148
1304.500   11.9205    6.5725    4.7424
1354.000   11.9893    6.6006    4.7699
1403.500   12.0568    6.6280    4.7973
1453.000   12.1231    6.6547    4.8245
1502.500   12.1881    6.6809    4.8515
1552.000   12.2521    6.7066    4.8785
1601.500   12.3151    6.7317    4.9052
1651.000   12.3772    6.7564    4.9319
1700.500   12.4383    6.7807    4.9584
1750.000   12.4987    6.8046    4.9847
1799.500   12.5584    6.8282    5.0109
1849.000   12.6174    6.8514    5.0370
1898.500   12.6759    6.8745    5.0629
1948.000   12.7339    6.8972    5.0887
1997.500   12.7915    6.9199    5.1143
2047.000   12.8487    6.9423    5.1398
2096.500   12.9057    6.9647    5.1652
2146.000   12.9625    6.9870    5.1904
2195.500   13.0192    7.0093    5.2154
2245.000   13.0758    7.0316    5.2403
2294.500   13.1325    7.0540    5.2651
2344.000   13.1892    7.0765    5.2898
2393.500   13.2462    7.0991    5.3142
2443.000   13.3034    7.1218    5.3386
2492.500   13.3610    7.1449    5.3628
2542.000   13.4190    7.1681    5.3869
2591.500   13.4774    7.1917    5.4108
2641.000   13.5364    7.2156    5.4345
2690.500   13.5961    7.2398    5.4582
2740.000   13.6564    7.2645    5.4817
2740.000   13.6564    7.2645    5.4817
2789.670   13.6679    7.2768    5.5051
2839.330   13.6793    7.2892    5.5284
2889.000   13.6908    7.3015    5.5515